200
11 161 108 182 110 181 14 10 192 48 167 149 33 117 102 187 198 67 72 188 196 162 74 194 24 178 124 65 59 177 19 173 89
40 36 185 167 21 34 171 20 94 73 159 162 13
111 82 167 3 104 141 154 10 120 99 122 157 17 48 185 139 194 135 66 70 116 191 59 195 180 134 140 117 0 38 173 45 161 91 124 51 40 158
49 108 172 168 79 53 114 101 136 51 87 66 17 109 138 45 128 105 12 179 197 36 170 69 131 166 106 153 58 9
50 72 36 21 53 7 66
164 38 42 155 37 165 125 18 198 103 162 13 150 94 123 2 26 128 69 66 67 4
127 116 125 100 131 113 178 182 23 165 91 7 40 92 129 33 47 43 122
87 38 20 2 181 190 42 13 135 74 34 101 173 194 60 95 150 49 180 48 170 183 196 41 151 32 142 117 182 174 140 186 105 22 27 106 89 91 115 184 127 35 171 110 45 102
162 11 152 175 96 6 71 181 167 72 150 84 139 105 48 125 171 9 166 34 61 194 95 53 87 106 60 98 70 18 63 133 138 57 79 127
93 16 4
79 144 53 161 65 0 123 139 96 17 110 11 19 176 180 140 12 31 87 62 146 61 133 56 118 4 131 128 195 20 197 148 107 10 94 27 165 174 9 102 3 1 143 26 116
127 68 11 101 86 151 53 154 45 5 100 46 8 116 65 174 120 90 179 57 31 194 138 15 173 140 17 93 168 6
45 163 102 12 43 31 112 92 171 175 139
121 60 150 166 107 54 42 74 7 88 18 135 162 125 84 171 33 8 116 55 52 181 161 186 85 110 114 180 164 178 197 108 143 111 119 146 62 68 34 32 83 53 35 118 160 156 79
129 39 150 155 142 123 8 50 47 16 92 174 135 5 82 139 23 58 67 7 196 72 189 22 93 158 109 0 10 44 19 152 33 114 131 111
113 9 172 148 8 94 136 198 162 102 25 106 42 167 142 84 31 145 33 179 43 40 66 108 164 53 165 170 115 114
38 11 89 15 169 76 161 3 174 182 26 197
48 109 65 107 104 5 176 52 105 21 59 37 7 187 99 36 139 159 110 66 85 121 194 195 175 64 192 84 3 90 137 16 123
36 135 177 105 78 102 169
88 93 6 26 170 73 33 18 36 127 104 194
81 126 107 51 79 66 125 151 49 146 64 69 50 73 67 24 165 0 38 76 84 13 45 178 173 184 102 26 17 175 136 56 127 88 109 29 80 30 37 164 89 120
15 23 41 91 32 178 174 176 26 182 194 152 58
117 72 39 58 4 73
122 14 6 111 154 34 163 1 116 120 19 105 194 171 41
81 192 143 141 197 187 3 94 109 194 103 16 196 189 104 0 115 70 147 89 114 57 178
101 119 142 141 7
168 132 120 14 47 78 199 95 6 155 73 22 90 105 84 142 193 117 55
164 123 58 102 28 167 20 152 15 81 150 38 67 109 17 169 55 149 180 97 128 192 85 178 27 140 92 11 9 31 176 136 77 70 173 72 174 135 65 68 80 145 23 60 184 196 108 41 172
93 19 98 68 120 42 115 40 89 195 9 85 139 78 43 135 52 28 46 31 29 103 157 3 74 8 119 75 199 124 65 12 161 36 108 79
52 190 78 50 5 172 15 130 57 19 112 171 127 6 88 36 198 90 139 20 97 133 110 188
193 24 34 30 86 70 50 189 121 1 183 114 58 36 2 126 48 157 31 134 110 191 41 26 179 138 52 7 53 155 162 14 56 112 196 185 33 164 150 95 141 159 40 132
166 36 98 143 153 119 137 60 78 87 129 85 148 70 45 26 194 75 142 7 193 107 16 104 131 3 63 105 30 62 68 165 117 135 167 133 40 23 150
174 172 185
6 39 55 23 121 87 91 109 63 124 7 75 139 44 145
176 193 60 17 38 23 30 182 5 96 125 90 95 141
172 105 67 134 61 145 73 124 101 13 28 26 198 117 69 43 102 174 29 125 35 63
5 169 48 22 165 132 102 23 103 55 126 24 180 74 189 151 70 195 161 54 63 136 11 171 32 170
118 110 8 114 71 63 139 97 119 122 165 43 86 31 135 115 3 187 21 150 172 49 96 167 174 22 183 0 132 1 149 173 147 50 12 59 117 99
99 196 109 87 45 22 158 126 19 67 21 125 123 72 166 20 84 122 113
177 20 53 162 92 130 105 46 28 84 48 135 151 152 103 180 186 128 136 193 176 40 110 56 47 175
