1000
984 174 206 739 212 761 931 958 891 976 595 657 30 10 393 141 562 178 90 932 123 512 465 974 622 527 658 239 67 744 741 810 533 683 26 711 222 320 169 713 960 822 854 800 925 431 292 257 971 144 159 445 596 309 200 561 752 446 792 692 323 407 766 351 3 996 490 922 307 892 985 649 616 508 830 629 912 950 89 554 565 192 116 676 928 811 396 161 371 194 331 518 509 841 492 547 883 113 695 722 513 898 201 702 871 495 29 783 626 920 179 177 693 909 906 226 791 753 938 244 501 757 313 788 180 317 411 758 404 639 453 785 417 65 793 665 216 751 318 818 190 40 302 548 729 969 281 34 913 333 670 420 234 541 430 494 335 645 763 181 569 576 586 227 463 940 106 812 836 828 625 400 158 862 241 962 690 20 70 339 376 213 387 385 243 312 572 440 580 570 827 816 556 153 365 322 894 345 357 421 253 6 587 398 592 375 712 843 210 552 267 441 304 927 160 780 43 429 32 370 707 866 882 671 23 511 278 875 282 215 205 853 571 614 242 359 24 150 134 868 798 825 336 496 770 704 434 384 613 930 139 632 786 652 11 624 149 590 101
312 947 708 446 510 223 747 924 739 385 740 458 988 85 762 478 33 369 523 254 823 907 151 300 201 806 599 14 688 587 804 198 455 552 645 86 902 187 981 290 238 374 602 412 945 211 142 51 391 545 533 707 635 508 11 487 173 921 152 560 338 132 984 767 482 114 684 135 435 271 192 693 97 730 617 938 145 656 236 915 332 234 323 95 798 409 672 848 69 518 722 162 687 19 683 570 456 942 233 669 61 148 123 564 64 302 912 689 955 406 496 209 476 265 246 868 527 910 457 964 335 445 228 546 682 723 427 627 519 758 50 515 354 647 633 949 329 171 188 365 2 263 429 694 874 319 125 470 549 155 54 843 175 817 402 194 229 643 422 977 251 278 450 309 931 184 394 532 995 321 339 542 749 651 512 634 889 131 838 544 466 79 371 809 686 459 661 235 45 102 531 410 428 163 595 894 802 724
894 207 347 536 982 242 406 92 195 457 916 288 460 998 534 104 823 858 339 691 322 654 922 640 733 152 574 174 220 677 915 216 107 958 449 81 435 862 308 896 517 336 820 999 3 879 723 925 4 214 377 908 181 381 547 642 861 616 912 313 814 198 897 380 219 683 167 859 494 232 757 298 905 8 11 5 612 395 185 225 785 507 682 983 959 146 592 549 156 263 413 581 179 69 498 304 826 571 758 996 562 736 833 46 572 392 812 827 182 844 594 794 172 187 142 487 708 749 323 376 638 397 252 65 910 746 860 337 163 721 59 886 687 134 887 262 681 259 175 764 613 866 317 23 341 312 141 126 436 348 349 256 815 843 968 745 415 504 127 932 99 119 196 54 490 158 100 580
542 806 571 167 10 43 32 994 216 873 718 728 384 731 720 269 304 489 315 63 240 594 13 606 159 410 669 666 808 704 995 92 200 337 989 645 815 957 317 294 692 208 221 697 267 283 875 874 694 837 125 814 469 152 988 881 891 559 457 364 187 892 810 643 128 475 101 710 872
531 961 608 195 410 290 244 551
648 230 11 552 92 383 280 384 659 569 894 480 692 713 957 515 525 497 698 368 946 793 646 311 660 441 732 177 467 270 567 685 357 461 86 127 708 931 122 825 811 9 889 275 635 932 913 201 277 714 44 785 71 245 386 557 433 615 182 411 213 905 574 326 228 57 273 160 976 106 113 187 873 103 733 609 154 208 24 454 422 354 605 186 98 23 105 984 720 216 754 764 565 14 310 0 757 719 787 998 922 125 596 678 584 437 132 797 424 593 530 779 485 996 322 254 599 379 718 505 521 192 500 138 241 374 661 200 286 948 308 849 971 526 484 856 67 704 795 262 759 588 221 641 774 348 33 335 810 350 804 391 96 583 316 175 629 845 70 691 883 844 227 352 619 271 544 744 710 478 743 301 126 426 723 338 909 393 539 22 248 73 985 892 936 949 749 828 464 848 603 161 255 858 968 81 279 341 274 877 205 752 915 509 633 288 722
137 349 5 353 310 781 39 801 869 472 920 783 245 734 360 757 201 851 726 13 133 267 516 148 202 997 18 832 998 445 539 210 678 655 616 615 376 585 586 614 504 740 900 779 558 712 619 415
272 292 291 200 851 50 835 198 953 525 24 803 573 955 235 376 736 752 524 158 838 379 475 749 257 29 909 598 797 535 774 160 872 831 125 530 543 122 883 928 742 842 360 249 746 11 653 59 990 69 324 656 366 933 229 81 269 266 137 541 508 295 254 514 934 516 458 381 671 936 553 654 888 907 456 727 697 685 303 556 905 362 197 962 581 901 788 133 976 143 256 157 662 230 151 805 483 877 345 390 357 910 920 46 340 687 465 552 808 162 32 588 629 868 832 882 673 622 391 394 846 927 983 544 534 692 43 87 442 287 926 532 978 880 527 946 644 848 795 445 529 416 141 343 539 128 205 270 699 578 136 323 10 691 428 566 922 152 915 220 40 2 167 777 188 870 496 407 382 328 791 504 60 37 992 305 704 728 871 618 236 247 7 875 427 344 582 845 595 493 900 342 14 124 564 218 44 77 971 296 419 812 974 476 435 810 25 597 377 686 414 538 215 645 563 669 667 677 398 652 423 62 333 513 606 948 121 637 479 678 380 636 63 365 245 732 865 9 708 402 814 85 666 351 446 568 217 5 628 420 186 100 982 126 830 937 766 620 129 471 165 99 891 793 943 180 536 403 330 271 952 512 181 719 115 969 239 228 134 28 311 528 34 42
315 899 348 582 300 793 420 407 802 541 1 0 170 292 507 944 785 289 235 316 891 950 502 421 37 968 999 458 107 10 806 935 75 137 762 861 818 496 30 546 949 951 971 152 948 453 556 882 471 477 191 937 469 362 845 476 492 266 828 737 683 826 78 595 49 953 630 277 36 383 816 994 763 100 242 917 428 745 815 879 853 975 606 225 962 627 859 734 694 211 552 487 631 666 687 427 711 475 635 87 298 157 359 717 550 482 334 706 245 438 400 179 5 236 395 60 518 903 14 367 677 22 849 269 796 304 563 210 13 462 789 542 588 821 739 177 898 646 193 883 931 981 410 239 415 632 568 203 890 852 72 657 404 889 923 995 956 583 897 593 386 295 531 198 838 748 551 672 25 318 68 282 690 752 173 819 866 29 643 231 813 723 111 936 207 248 642 291 501 989 199 986 108 893 653 311 773 756 441 301 261 761 31 65 525 104 865 498 328 155 439 234 341 40 662 216 837 274 863 508 749 725 499 791 810 456 850 983 613 398 345 640 604 771 142 197 560 742 355 731 120 825 332 848 803 114 270 478 770 455 510 287 536 397 52 323 390 788 308 112 805 678 599 365
176 134 984 168 956 560 531 448 642 175 661 525 59 312 401 761 367 370 903 605 841 749 910 633 461 441 193 502 216 231 845 931 456 990 446 823 660 565 111 584 609 923 827 335 927 928 656 145 735 496 864 583 113 196 117 533 315 859 654 239 29 495 621 812 824 256 52 739 304 690 106 655 980 121 926 114 271 149 73 425 999 339 986 380 473 159 291 331 767 849 818 553 466 102 90 390 837 734 334 67 764 281 920 490 554 389 816 94 307 843 836 536 838 297 766 582 369 147 326 571 308 947 645 14 921 60 718
407 897 717 611 163 207 294 218 747 115 504 510 904 183 948 396 815 210 90 289 250 496 568 995 198 885 945 684 761 726 999 838 759 358 539 287 953 560 71 374 757 835 263 413 734 511 970 73 718 145 68 765 810 347 439 636 544 716 472 116 58 895 713 514 50 499 363 849 756 745 297 803 552 873 822 553 406 103 585 495 662 920 113 771 556 425 907 859 730 205 872 840 301 546 973 63 251 497 466 236 319 216 416 12 652 763 944 221 505 845 82 217 455 850 936 283 342 921 370 918 622 581 830 755 922 521 577 602 946 25 674 364 465 767 703 798 400 157 914 325 770 908 851 380 152 282 15 598 969 310 741 824 415 527 312 373 231 643 941 615 642 650 610 719 431 714 469 20 191 648 346 375 961 827 940 255 6 894 423 339
708 8 104 556 812 830 417 439 462 697 607 356 469 207 110 548 609 591 491 721 994 408 386 425 87 230 2 170 32 603 870 793 199 616 392 924 632 171 516 911 885 951 214 121 539 500 216 768 936 376 320 619 296 135 938 208 623 912 640 385 642 867 434 497 31 998 892 895 690 465 74 56 205 760 473 788 699 163 277 34 658 353 281 939 440 731 478 831 560 60 333 81 942 874 305 647 832 991 820 807 794 265 367 222 282 467 973 128 854 948 596 749 903 495 122 328 563 47 297 977 928 142 954 487 518 704 944 73 625 654 97 268 587 797 549 577 787 976 192 144 149 935 734 638 631 559 91 336 322 175 447 599 784 395 964 997 673 633 757 952 217 350 759 182 957 965 689 498 766 837 298 983 150 30 727 405 318 69 186 761 713 341 535 196 39 381 471 662 558 507 179 801 274 94 46 545 18 674 452 332 949 687 285 159 340 450 109 390 155 836 269 77 68 307 819 582 293 481 898 477 730 579 229 676 564 406 70 910 504 335 758
410 829 879 62 529 537 778 178 606 750 994 458 200 329 818 454 98 738 467 580 620 309 973 357 365 393 977 6 229 811 730 131 260 136 26 186 496 774 569 816 91 559 689 376 390 727 13 16 758 959 271 118 272 558 192 510 256 924 782 968 525 796 634 654 810 459 451 957 185 342 672 522 807 656 638 492 935 68 945 358 25 937 170 470 589 286 355 494 3 631 269 697 745 808 643 720 57 839 888 848 97 640 600 9 128 582 636 716 624 412 687 462 706 914 508 732 546 86 736 972 904 584 395 298 800 669 503 50 297 351 429 436 551 389 925 680 486 101 726 176 616 676 906 592 521 943 54 693 381 790 509 316 246 765 419 622 292 291 124 490 22 79 117 288 81 339 857 657 921 433 859 328 619 377 635 554 650 798 29 456 373 752 255 418 80 326 662 53 111 285 609 694 841 20 70 302 23 688 290 276 344 577 282 213 892 125 477 259 130 312 500 805 235 794 156 516 549 985
729 361 971 206 718 392 173 671 634 532 216 877 450 627 767 783 99 131 542 641 164 552 64 368 613 579 404 605 395 859 753 116 809 999 223 142 569 908 805 769 86 702 760 431 426 447 606 336 433 320 585 968 453 791 867 624 144 186 612 469 137 309 229 891 258 444 954 844 410 733 772 742 101 499 554 925 351 175 194 528 518 602 604 126 675 862 689 358 840 589 31 102 277 880 464 292 752 573 423 294 590 316 631 946 545 555 647 56 103 33 366 380 22 24 299 419 665 989 814 711 821 165 736 621 668 990 622 533 786 220 55 491 643 163 16 593 160 720 973 688 988 565 253 965 655 181 543 636 437 48 406 980 600 520 92 846 302 166 207 727 23 726 825 465 794 238 619 113 811 39 927 119 49 243 97 448 513 748 992 930 348 869 412 524
434 347 607 954 840 416 278 750 433 6 818 147 602 562 653 315 691 236 580 270 920 964 681 827 483 492 981 145 600 219 731 386 119 765 992 665 501 937 51 410 303 242 831 994 583 706 667 965 603 171 956 304 238 311 849 233 85 396 798 391 546 529 118 451 643 401 563 471 272 898 482 660 574 86 432 209 378 659 558 915 791 117 848 536 850 205 530 14 730 111 70 454 572 324 611 343 820 990 618 462 973 596 296 968 59 34 783 977 944 116 674 692 478 914 164 439 763 214 679 785 644 126 132 985 871 141 687 28 996 32 527 249 400 143 866 976 771 418 26 838 50 251 534 10 128 452 195 619 869 93 131 162 552 699 146 387 769 664 847 255 703 292 911 845 459 948 859 112 852 829 585 559 707 513 157 735 613 124 288 733 122 293 468 33 597 150 628
860 447 193 362 436 376 582 122 722 767 250 607 877 793 648 219 836 260 232 286 741 670 269 866 262 452 852 285 839 929 611 91 757 972 543 121 930 780 93 625 109 921 724 495 706 846 134 689 104 70 142 509 693 834 962 503 95 768 973 444 824 256 523 983 313 898 770 406 220 154 156 470 734 659 317 213 829 986 967 850 814 627 302 610 717 748 777 497 996 345 383 396 745 456 712 568 212 799 221 472 697 354 791 562 572 507 203 966 455 179 430 344 605 5 169 807 97 604 917 645 130 715 378 82 311 835 813 750 401 13 54 35 897 265 703 261 879 427 925 586 772 363 800 234 85 884 327 282 340 532 840 871 248 553 707 764 215 153 224 283 630 843 417 356 69 60 708 407 628 818 530 201 67 802 400 544 738 412 467 776 485 892 185 976 865 125 174 894 246 716 875 954 431 100 710 31 899 995 602 9 113 666 16 513 566 808 418 210 916 238 410 944 872 828 12 886 579 439 450 437 948 324 241 506 334 475 953 549 116 268 84 536 71 669 539 569 763 881 183 294 874 729 561 573 903 273 148 295 58 652 900 192 932 231 110 157 259 961 425 184 882 739 594
337 8 205 97 88 219 736 544 721 619 509 879 280 223 329 936 995 462 353 412 618 781 371 16 572 356 998 681 720 769 405 286 236 62 502 255 288 850 950 863 218 29 836 962 26 859 177 692 956 156 246 445 837 895 453 504 331 533 833 900 244 631 876 766 23 1 322 527 447 671 853 861 565 320 670 74 354 46 138 107 416 597 314 534 118 45 841 490 977 220 640 843 79 517 187 826 789 42 610 106 512 886 213 116 557 304 699 795 86 49 501 476 735 935 633 114 599 80 373 540 387 152 85 894 68 567 710 851 797 897 913 452 600 137 677 179 150 889 921 77 714 25 52 303 807 545 193 777 133 91 344 128 134 938 466 135 904 296 849 804 194 274 161 623 70 654 704 925 705 957 311 27 712 485 292 427 11 718 381 996 828 406 65 763 486 435 450 793 48 796 725 35 429 813 146 76 650 976 521
635 493 824 343 353 319 279 479 393 736 426 657 234 340 921 971 348 212 355 57 64 5 214 726 376 902 874 123 667 453 14 522 138 959 369 849 982 649 377 744 647 626 725 447 318 506 833 687 716 850 585 101 304 513 547 609 375 504 168 22 430 132 494 136 165 283 142 701 126 444 800 396 719 211 8 591 321 900 233 186 167 427 381 615 989 595 62 82 288 204 812 919 969 457 383 330 976 756 95 120 207 767 796 322 205 565 711 679 979 945 775 710 700 90 512 222 403 73 200 913 483 665 48 462 87 646 153 449 827 758 202 54 237 972 441 883 871 93 765 280 772 795 821 750 413 970 914 713 573 249 652 85 391 96 830 548 599 878 790 556 846 128 150 216 898 997 3 263 663 908 930 680 299 357 688 80 190 837 176 59 734 149 293 628 754 868 739 170 521 804 988 815 246 124 525 881 832 781 414 53 203 404 111 692 342 798 629 885 704 499 865 210 194 644 867 329 253 30 887 146 105 770 546 47 780 440 870 517 171 324 668 10 939 985 641 338 584 97 702 140 559 46 563 83 268 344 177 69 973 464 317 656 621 15 510 981
20 92 159 455 506 872 419 895
373 11 907 30 496 762
