100
48 67 97 59 52 42
18 27 4 70 28 42 13 24 96 61 68 40 77 32 7
11 51 7 78 8 76
86 91 94 74 4 11 79
53 66 61 77 48 31 75 30 18 42 23 58 85
51 23 87 14 16 68 69 35
37 34 95 40 5 57 68 69 60 55 84 63 38 23 59 45 54 36 12
10 97 83 14 73 56 86 96 78 32 34
81 96 48
86 25 44 87 41 95 2 69 89
55 10 4 27 52
40 56 39 10 23 62
59 65 46 3 22 80 64
98 10 42 50 15
32 41 59 91 71 51 43 36 0
24 55 42 70 48 86 81 22
71 69 29 47 56 88 19 6 11 98 74 59 24 14 60 1
16 86 44 21 18 3 20 26 33 92 93
17 72 90 49 99
24 16 25 63 36 38 19 21 7 95 14 9 30 82