200
163 13 57 101 68 108 59 67 178 80 110
8 156 147 65 30 32 94 92 72 27 33 5 186 171 50 66 43 102 44 84 149 83 61 98 148 47 99 118 136 196 108 112
148 137 73 125 19 20 144 182 49 157 16 96 158 123 131 152 150 93 67 164 155 81 39 98 74 94 86 38 100 193 191 8 115 92
24 66 4 123 93 187 168 99 140 156 136 198 74 147 89 169 34 36 146 50 161 188 62 75 157 58 59 14 96 25 31 152 16 144 164 30 153 173 37 122 181 171 170 167 15 68 186
152 129 151 99 167 17 146 91 132 5 178 72 138 142 9 85 67 12 14 137 169 109 162 184 147 52 86 134 198 120 55 121 95 175 139 27 187
43 186 171 142 31 65 125 36 82 165 61 70 126 41 53 135 133 92 87 117 9 195 1 68 33 175 122 84 188 168 6 8 21 16 156 59
88 108 144 19 111 149 117 94 11 121 76 175 195 35 190 99 103 130 145 134 107 104 147 57 184 32 73 7 113 9 181 187 18 55 126 198 24 0 6 68 43 122 36 12 164 123 31
11 27 145 160 1 58 127 144 25 171 33 0 75 159 153 53 32 9 56 67 130 105 115 62 126 180 189
160 105
186 23 49 37 180 17 104 148 161 179 177 66 157 71 191 105 188 111 142 30
0 137 22 46 124 143
27 188 36 33 104 183 66 17 69 37 140 162 92 137 51 80 134 123 19 114 196 102 135 107 52 3 116 90 179 13 173 193 47 64 187 192 65 56 199 190 73 105 152 40 120
132 123 23 126 80 97 167 153 33 150 149 62 192 19 24 77 105 190 49 109 157 64 119 60 42 94 172 135 54
181 159 41 107 12 40 42 163 31 125 21 48 199 192 76 37 111 198 103 187 115 138 193 197 189 47 38 71 62 166 114 170 155 146
151 86 59 107 103 135 99 153 118 199 55 75 162 194 142 158 168 100 140 125 81 188 60 98 10 94 78 128 129
26 175 173 61 85 146 29 163 81 185 82 25 78 100 150 174 56 160 101 194 31 184 45 134 95 159 35 108 40 180 166 91 98 135 6 125 15 44 86 37 68 189 67 196 181
116 48 191 47 114 170 8 11 28 56 109 119 79 99 33 168 42 37 77 155 167 10 180 26 20 145 59 176
20 174 128 170 155 196 190 39 144 177 168 25 103 182
83 23 9 156 190 17 57 53 163 2 162 141 37 154 166 133 81 63
103 70 180 71 150 78 66 36 136 155 23 154 119 52 192 21 33 29 100 121 169 65 102 165 178 148 5 158 15 140 197 95 31 64 113 28 181 73 111 131 137 182 149 106
