100
65 45 2 75 70 74 51 94 92 79 27 62 71 69 30 31
13 23 74 32 39 56 42 47 43 95 17 97 2 44 73 77 33 93 9
80 27 38 81 44 57 67 79 33 89 42 87 71 63 93 36
70 68 91 28 96 2 79 57 5 54 65 85 81 92 49 35 38 55 0 1 8 24 87 52 56 15 13 97 74 10
54 76 83 92 17 3 85 66 0 86 90 42 6 48
40 89 35 70 82 84 20 76 80 94 0 14 21 7 18 98 64 55 42 61 78 37
39 14 29 77 50 12 40 27 58 11 95 43 57 94 81 33
75 88 38 71 5 82 47 68 97 19 93 69 28 54 95 21 15 12 92 22 26 53
85 61 28 25 72 73 84 83 39 60 54 66 52 34 77 17 16 14 4 46
52 64 65 85 59 73 81 63 87 99 20 45 0 92 41