500
424 351 174 119 121 48 133 51 212 279 483 66 193 181 167 494 27 317 411 350 475 177
54 395 417 58 8 305 223 364 308 194 360 202 166 246 108 221 407 427 208 414 416 97 486 329 178 228 198 343 491 148 339 328 437 390 111 333 382 306 173 419 119 77 15 347 93 367 50 7 499 132 421 35 469 411 91 224 438 310 386 78 175 192 19 370 105 62 9 128 447 423 450 362 79 462 169 133 71 323 319 181 249 275 397 353 213 151 315 493 159 466 252 251 103 380 429 234 95 472 186 66 214 22 349 363 188 170 322 309 451 454 250 458 396 184 415 16 299 341 387 403 267 296 225 373 261 292 394 259 47 137 63 43 388 445 314
495 8 260 291 113 216 31 163 121 209 87 300 408 401 119 265 186 81 317 255 394 13 33 488 227 240 436 310 232 253 226 212 410 66 459 484 151 189 396 12 143 325 42 107 432 334 268 326 89 246 94 155 193 285 126 289 498 355 203 282 149 200 482 21 111 197 77 296 62 297 182 496 195 168 412 185 368 20 129 145 402 304 243 187 475 422 468 472 123 97 229 237 306 171
484 94 45 300 436 58 134 167 320 328 240 235 112 452 12 261 66 487 282 377 229 138 101 497 401 18 274 359 202 403 296 196 275 205 139 244 344 399 141 402 421 464 319 199 221 351 152 301 114 231 379 31 43 311 378 278 86 73 41 88 13 459 460 463 69 272 156 448 174 330 159 109 432 118 407 140 117 255 367 294 33 337 271 68 264 260 241 388 308 409
136 481 485 461 402 223 191 305 490 23 491 127 377 265 131 428 253 32 0 74 159 81 499 329 60 14 263 144 232 282 59 311 228 312 97 458 328 183 355 314 24 128 202 165 25 395 69 94 154 151 334 385 163 333 43 245 86 98 176 9 38 462 408 296 399 196 285 82 240 256 291 75 371 323 152 160 351 78 451 87 437 478 181 398 413 352 28 186 27 29 445 294 145 366 147 425 114 324 276 208 277
222 366 146 147 214 497 155 274 235 456 479 432 360 194 136 77 458 12 5 217 141 231 460
257 373 284 450 404 435 408 90 474 182 207 196 223 12 279 383 121 1 273 409 469 320 402 441 419
207 100 182 242 440 487 138 423 297 463 99 96 0 296 32 184 206 50 86 179 288 187 312 474 41 104 213 244 121 361 56 349 53 443 418 281 365 181 253 162 6 175 174 145 292 454 215 426 334 75 300 192 36 205 243 124 338 310 194 415 136 48 375 267 367 328 489 446 400 70 259 453 3 370 22 444 238 93 457 397 220 342 17 266 482 488 164 299 51 165 280 479 252 216 151 169 348 402 80 69 425 465 125 368 287 1 477 240 196 204 20 374 5 7 332 315 161 462 325 322 74 293 111 403 12 344 451 458 437 486 404 210 97 422 90 331 88 195 313 234 467 353 15 318 305 476 414 278 130
341 43 274 340 204 333 336 459 395 7 443 116 112 173 415 422 465 189 489 455 61 272 55 108 81 445 380 291 388 140 250 414 401 171 178 275 263 303 284
343 475 253 123 182 114 74 22 185 352 330 290 379 308 209 284 5 437 450 33 84 72 95 326 73 301 117 438
178 101 283 348 320 118 95 42 284 41 106 225 304 285 22 119 414 3 1 206 224 425 422 60 176 65 434 259 338 128 136 229 217 240 17 142 383 336 300 395 367 80 346 475 182 72 444 472 26 477 372 146 479 56 97 164 480 253 122 157 59 23 30 88 403 423 99 419 350 326 78 452 458 356 465 370 269 19 109 377 62 130 451 277 363 362 75 24 287 341 138 305 314 294 360 250 179 406 400 358 167 126 131 68 12 330 242 13 459 401 132 9 466 231 58 195 266 83 150 397 327 286 409 359 28 188 489 321 399 184
319 486 41 142 224 78 310 241 374 238 147 169 237 394 128 428 473 301 82 250 402 390 243 385 397 27 315 225 28 102 418 159 323 245 215 419 85 426 365 94 422 360 73 125 411 141 63 2 190 60 344 191 351 129 334 30 464 370 8 36 151 465 252 74 76 221 262 33 420 467 434 441 37 12 139 291 244 96 281 168 477 136 210 254 470 75 235 483 476 373 209 421 284 58 21 55 438 392 279 320 153 285 430 396 14 492 65 497 182 345 427 242 425 123 406 229 143 249 110 350 288 355 97 172 446 89 318 342 6 450 496 366
422 486 252 4 87 421 360 226 220 80 124 346 217 51 307 443 479 218 425 417 232 441 194 136 184 408 215 180 299 262 427 298 454 466 451 244 367 300 383 147 173 357 256 362 99 304 439 290 481 253 445 202 412 378 356 48 418 285 423 75 77 359 327 282 353 105 238 70 460 496 111 385 461 12 254 329 369 128 355 265 58 5 363 467 438 195 341 373 241 287 178 188 181 183 179 498 276 410 249 82 239 261 141 328 264 222 63 191 400 351 221 228 94 131 130 0 442 493 41 444 396 26 473 251 420 67 88 398 148 483 474 210 463 46 365 435 263 368 229 170 283 204 361 289 313
281 474 37 289 345 260 25 426 160 128 68 154 32 183 24 322 391 399 374 360 343 459 307 19 490 60 463 425 350 129 253 496 262 279 364 167 325 172 332 301 428 204 434 193 469 7 294 362 409 63 39 367 476 142 267 366 33 356 164 77 52 15 215 73 16 178 297 302 471 460 347 336 497 49 132 89 312 354 235 410 486 143 353 403 412 337 344 326 432 308 329 175 61 150 351 327 230 244 422 440 258 405 162 472
130 55 458 215 156 182 394 326 234 51 449 52 108 283 147 441 57 26 120 139 98 421 398 238 493 40 320 88 140 138 274 181 345 203 183 92 186 427 228 10 372 448 79 47 86 393 135 250 373 339 29 150 346 15 300 255 172 478 367 200 329 296 21 318 111 406 235 404 305 118 103 423 273 360 259 232 246 490 206 467 123 371 28 45 499 32 351 361 342 431 241 457 365
35 411 315 306 132 427 337 0 479 341 307 249 229 334 470 64 9 18 388 177 262 121 450 247 38 305 404 487 217 90 287 400 346 151 131 94 476 261 175 494
261 310 58 46 355 8 480 16 223 331 53 90 386 89 423 33 211 62 187 461 451 136 438 159 121 2 126 218 1 294 29 411 350 425 344 315 336 311 116 51 387 454 134 34 250 392 305 357 391 144 73 32 362 66 347 118 373 418 221 201 341 131 252 101 321 160 419 9 255 67 123 204 306 127 339 286 492 108 383 241 70 79 353 474 267 476 138 380 410 39 213 436 421 465 5 248 282 128 43 439 487 464 153 293 247 446 129 63 316 401 313 455 167 407 342 76 479 348 4 83 140 394 326 288 60 495 457 145 246 351 202 368 319 166 12
360 167 450 0 266 8 419 114 148 208 16 29
10 143 313 423 420 74 133 182 47 310 460 332 202 70 227 184 230 348 167 40 100 449 144 290 352 257 57 430 60 192 41 261 480 350 409 483 203 59 55 239 432 278 223 414 256 213 285 458 48 49 351 378 163 277 497 464 122 382 91 168 493 113 439 90 320 484 75 305 440 243 158 448 459 207 33 17 153 437 356 58 22 45 455 160 36 135 435
347 250 66 22 302 21 157 8 123 174 143 434 293 257 51 335 481 24 449 266 173 191 473 4 273 321 225 430 190 349 324 269 237 76 345 46 42 455 382 124 267 110 272 32 193 235 292 85 313 93 15 379 423 69 152 294 206 80 105 357 280 394 10 68 416 496 140 330 452 277 260 95 155 264 328 75 456 244 498 282 399 499 383 240 89 52 71 231 151 91 388 385 107 226 167 308 469 395 208 146 150 472 125 493 104 263 63 384 409 168 217 211 57
368 330 131 7 67 61 65 186 366 423 161 173 214 260 332 54 98 253 35 447 382 341 480 248 166 119 452 160 360 499 277 205 58 370 136 374 113 407 409 350 178 49 86 463 211 339 476 123 396 6 59 147 455 32 240 414 45 228 171 167 424 125 487 316 402 380 348 300 31 439 400 312 305 195 482 104 471 183 443 464 138 286 5 77 221 182 19 293 257 337 235 401 451 170 308 137 419 158
434 264 195 450 354 338 356 95 416 170 459 22 187 231 62 472 426 168 78 346 25 294 273 75 443 379
158 131 499 272 176 494 14 296 289 351 350 19 93 150 323 85 373 109 243 67 486 205 285 113 277 185 79 213 251 111 269 155 104 267 374 392 148 348 160
480 358 83 291 298 468 244 399 35 402 380 490 403 470 183 290 221 185 155 67 336 285 482 180 225 220 71 252 206 108 288 56 3 149 366 383 426 425 483 297 345 39 177 433 265 299 116 248 458 332 344 42 112 371 194 58 59 210 11 115 391 179 324 113 320 428 254 152 213 137 22 337 242 397 351 171 190 275 367 230 236 341 21 395 421 189 464 326 40 485 140 492 175 201 144 129 322 205 170 239 245 77 491 73 124 120 217 203 319 197 460 57 159 496 488 199 424 486 489 293 97 441 12 167 119 382 15 114 34
1 424 353 132 8 292 493 366 16 491 410 52 63 192 347 121 468 231 18 421 270 197 453 441 247 224 396 56 49 332 146 260 304 193 496 169 402 377 428 365 280 171 310 440 0 462
148 146 361 111 241 37 35 175 408 174 447 210 403 275 316 336 257 49 106 185 194 162 458 109 313 269 250 23 133 274 497 131 32 428 30 220 324 326 24 304 404 55 263 155 371 64 456 240 278 234 454 112 206 21 63 85 317 235 289 38 495 339 473 7 215 272 470 166 160 354 290 362
325 290 134 213 335 440 162 200 300 57 452 218 291 182 444 473 252 122 333 156 313 56 293 468 427 140 106 443 228 100 361 326 130 243 185
302 340 81 359 433 332 79 367
407 262 237 318 336 146 465 405 334 162 48 377 420 72 498 428 400 423 149 397 273 351 379 192 396 178 381 389 159 179 309 248 398 345 221 362 172 75 360 463 433 209 247 451 9 326
358 303 276 430 111 427 360 225 14 99 53 76 178 153 158 297 119 141 459 371 407 244 343 134 36 9 300 401 290 342 24 106 37 421 382 181 314 121 492 267 460 66 69 374 333 493 490 471 307 488 93 403 126 354 281 226 406 39 245 241 391 205 42 60 98 483 429 416 170 495 361 496 318 461 399 20 336 432 473 105 283 70 313 474 388 151 260 468 435 301 74 250 243 331 326 437 18 4 184 271 475 316 23 334 346 35 305
238 39 207 203 395 220 214 323 306 280 44 171 465 141 216 34 185 223 264 397 292 488 377 69 434 390 116 326 260 189 48 113 273 24 410 464 276 267 12 42 170 2 407 231 352 438 198 353 484 466 251 115 459 179 52 10 206 107 248 135 472 445 351 471 123 327 109 284 59 429 331 230 324 322 234 268 371 16 246 180 104 61 420 392 228 51 317 458 81 183 381 227 384 235 359 413 196 325 285 56 143 389 253 404 365 197 462 412
318 288 491 24 340 436 147 281 455 86 307 363 387 420 440 123 255 8
447 336 59 54 289 111 319 370 487 183 338 256 420 318 45 379 359 203 165 239 69 236 81 202 438 176 27 168 252 456 103 20 341 39 150 342 263 440
225 140 237 398 112 255 211 160 33 337 263 113 39 81 123 234 23 257 58 442 117 222 108 410 59 16 395 67 83 141 371 217 227 389 199 99 42 142 251 253 321 168 365 244 407 109 342 198 462 11 5 171
54 4 446 371 453 483 149 440 378 485
477 426 7 40 419 313 55 190 400 393 109 24 433 315 132 271 126 57 214 468 362 340 197 34 441 485 219 244 60 201 183 424 418 439 104 445 236 113 420 0 85 174 256 146 124 21 421 67 250 411 423 364 296 438 401 141 336 262 43 95 395 394 352 454 384 224 440 210 14 164 486 23 25 97 218 253 367 229 304 36 413 463 176 153 106 187 193
350 198 439 378 267 375 331 86 69 45 307 303 70 144 450 300 412 116 18 465 65 360 123 236 39 85 90 112 31 235 66 473 273 459 390 257 157 141 80 250 406 274 208 15 353 114 117 151 14 222 115 343 195 281 283 9 292 79 466 49 306 129 265 463 155 278 92 160 68 13 432 373 364 55 56 379 427 228 139
152 496 16 173 462 2 278 58 446 450 382 137 223 1 135 431 63 288 384 463 386 145 110 472 456 21 424 493 367 220 194 157 457 324 242 259 186 390 20 19 192 178 115 343 225 470 125 240 5 399 198 103 83 397 161 483 155 296 30 241 252
99 442 308 130 225 467 397 37 229 498 24 366 234 362 138 343 272 325 196 330 293 83 423 216 81 179 242 13 68 53 280 358 477 110 105 416 141 411 247 451 114 21 263 155 277 314 318 176 1 153 238 331 180 297 103 490 487 329 443 163 55 350 262 279 38 455 173 62 327 371 497 346 58 387 486 415 27 129 61 332 0 70 268 217 303 17 369 257
39 404 49 45 238 391 266 484 253 133 110 22 3 426 37 243 177 304 171 428 222 361 119 0 220 481 433 174 25 26 136 460 343 406 324 148 267 498 115 5 81 429 70 453 63 295 444 263 363 299 252 11 420 310 143 371 101 28 277 38 82 48 16 281 69 466 216 208 265 424 233 94 344 104 349 24 146 260 275 31 287 250 450 479 441 124 298 454 153 278 248 257 448 262 397 483 312 120 358 329 303 42 405 341 131 339 41 300 52 332 213 431 209 223 427 359 259
397 407 291 18 499 406 222 489 181 353 409 379 15 141 347 270 363 92 417 118 420 22 28 312 246 374 276 313 482 128 358 54 147 227 450 89 145 34 396 472 215 37 280 467
344 111 152 383 157 457 351 98 21 385 343 232 274 254 255 214 335 485 91 438 450 192 371 339 443 409 16 186 149 478 167 143 323 288 68 312 207 61 389 132 141 140 466 41 304 70 179 75 394 316 80 4 30 82 489
382 442 165 202 1 106 45 265 262 67 175 166 304 378 270 157 369 463 316 385 248 465 161 359 327 88 254 296 199 48 331 412 371 66 99 50 251 100 43 60 470 160 231 460 162 358 240 127 257 245 276 150 476 313 212 498 268 430 83 302 411 57 17 491 453 310 121 457 81 283 122 421 198 77 432 155 55 114 24 32 294 392 136 143 417 159 334 370 182 393 102 464 217 35 103 85 207 419 47 25 280 482 365 146 11 478 90 206 305 149 253 428 112 289 477 148 147
469 462 178 497 358 490 493 132 38
439 471 241 77 148 473 461 109 136 361 138 344 118 317 475 102 479 360 99 271 216 219 242 220 324 297 499 103 469 272 375 394 347 281 225 290 308 390 450 273 346 420 253 105 400 24 427 10 110 426 298 257 47 104 142 493 295 355 377 44 214 433 2 51 194 392 234 252 417 323 260 296 453 215 384 65 314 235 166 52 210 310 481 465 207 329 41 146 284 340 236 131 399 107 124 81 88 449 145 204 470 483 386 477 84 249 213 431 330 480 287 350 491 248 74 159 180 67 432 59 11 26 203
479 441 94 211 359 267 1 404 477 208 137 434 227 389 297 78 96 496 256 30 478 448 439 20 157 206 66 60 422 411 268 150 419 238 254 367
350 379 282 329 203 26 371 92 290 376 167 381 81 111 149 153 11 72 16 475 104 171 484 86 440 332 172 29 193 22 142 173 122 300 469 132 268 15 140 205 180 296 388 277 129 354 19 413 355 83 304 281 306 406 289 472 79 245 369 403 253 267 23 17 158 262 114 455 63 226 317 459 100 273 436 213 320 432 444 331 127 110 155 219 250 152 77 151 181
167 130 191 211 404 294 305 248 106 216 303 449 149 242 161 344 407 34 290 101 310 287 328 86 397
451 157 42 219 240 181 447 173 326 318 18 9 204 463 161 255 64 101 16 218 149 236 213 82 411 391 373 43 153 208 433 80 458 277 116 257 241 299 141 211 227 311 134 195 221 19 131 385 457 407 185 488 31 207 175 30 364 315 419 462 417 310 151 172 51 454 426 362 259 439 478 302 47 376 216 214 168 289 368 363 395 84 393 11 432 220 144 262 162 444 70 191 122 33 155 486 400 387 352 62 283 422 124 125 484 471 35 324 446 96 65 12 270 4 359 346 26 142 489 483 224 342 410 323 308 186 46 94 78 198 399 188 367 169 464 345 331 396 23 102 34 361 54 381 226
217 130 127
