10000
4288 7498 9756 5405 6063 919 8756 6682 2481 7874 7129 9783 8845 6340 7343 5902 1369 1056 1119 4187 3168 8310 323 2052 8604 9440 5214 3030 6799 7703 1503 9199 9684 1365 773 1700 5141 8208 346 3813 3016 6137 9017 7873 2129 7684 7443 500 2513 6847 5789 1600 2520 6199 6641 6323 9144 2892 8251 6220 5276 7483 6234 7585 3064 89 2051 7926 3075 6472 4474 7568 4333
3432 2042 6248 390 3278 9335 2052 1520 4779 5570 4195 4050 5876 4545 9489 5306 5046 486 6036 4690 1132 723 6375 291 3300 7599 457 3658 6291 9334 2787 4928 7962 5395 9958 2696 2333 1335 1345 2022 3419 8613 1314 784 9045 3486 3466 2238 8898 4911 5180 7878 4565 6765 2456 8268 4863 2208 1575 8843 6712 7774 4220 1278 5736 1271 3324 5096 10 7611 9876 4912 8445 5953 708 8390 1555 6946 4785 6021 7212 741 8410 9154 6272 2652 3679 7153 9671 7841 4494 6325 3862 8877 1188 5269 5244 8973 787 2356 9791 9918 8599 2300 7925 6637 2537 8398 8569 8830 899 7431 8300 6466 1998 5451 6677 1457 1303 3361 4601 2425 3970 2088 6439 5548 1630 8522 2519 3434 1885 5264 9994 1838 628 9485 2623 6450 4935 4294 3838 8815 2603 8002 879 4705 4449 4334 3999 2831 8067 3431 9185 9199 2626 3713 8923 4773 9784 753 3563 4095 5108 6847 7466 9197 7134 6746 5734 892 5931 5995 5050 6397 8014 1085 796 1115 2372 1990 283 3166 399 3520 8907 9985 7702 6740 2514 6789 45 1222 4238 7000 8645 5905 6741 5829 1059 5788 6705 6385 7614 801 1433 9511 868 1116 4510 5516 8996 7981 3702 7526 2188 7027 3459 4578 5349 125 1874 5183 4927 8904 5379 1200 2774 5098 6977 1543 7646 5844 4362 7174 8329 8531 1471 3622 8640 2691 5032 1253 9165 3266 8678 2101 7984
912 8679 1699 4470 9601 109 5732 1733 9921 7235 8494 4582 6382 8884 8707 5767 9902 3722 8517 9858 4064 1718 6207 3733 6427 465
9633 7572 9098 2575 7381 1921 8916 5695 2015 5471 1722 6230 3380 6209 6375 8974 6997 1088 7207 4 9258 373 5492 2806 7803 3060 4019 6169 9955 4080 4262 8781 7671 6698 6604 27 64 8118 6680 9056 8751 5847 5459 9195 1565 5439 8998 7233 2792 1060 304 6917 7178 2585 4370 8101 8199 8099 2438 1202 5057 9284 6936 582 7945 754 2883 5717 8536 1529 1068 456 1104 8710 8111 7088 522 3000 6347 92 2836 7693 5476 3402 2039 8834 7494 5713 2259 2679 274 5980 8498 5711 7452 2599 3297 4293 7569 1335 8261 4807 7316 6755 596 7544 2273 4357 2856 5224 365 9080 3921 4643 3075 7747 956 8711 339 7488 9029 5201 6797 6706 2672 375 3264 9330 696 1359 9954 1433 753 2984 7622 9133 695 6170 9255 2359 8221 107 3963 8614 6573 9388 746 9105 1726 1051 563 3111 7893 8339 1573 928 7736 8248 6869 8690 5365 1892 5463 8617 9586 7286 2847 4913 6905 8526 1346 6842 8634 3118 2707 7618 7254 5477 2396 7571
3392 6807 8526 6219 5627 3634 9187 9040 5457 26 3350 2466 6499 3701 870 2360 5653 7489 7857 3774 1433 814 8483 797 902 3180 4471 5177 5171 8588 5157 8317 86 869 4556 7458 6441 9258 9356 1824 5607 3161 1679 9077 3062 1164 483 7638 1747 5112 7184 3108 3797 5875 5574 6235 1025 1066 4116 936 3732 763 9142 7959 6112 3541 5640 6534 9683 2975 6713 6276 8184 7727 9818 9315 7731 7236 1448 5280 5417 4432 4620 5641 8435 6657 9563 3728
7196 4593 6718 6631 1718 3568 8729 7470 8835 536 6299 3630 1452 3597 4467 3767 4103 3561 2476 7174 4536 7964 9079 5162 2022 1144 9021 4552 4290 1209 2660 657 5468 5178 6470 7897 6454 4185 2713 2841 7306 9022 1989 2771 7901 8075 3890 7343 7443 4477 6144 7002 9442 780 2726 8300 3999 3959 9597 157 3831 6199 730 5356 5188 6384 1996 9659 7746 2613 8927 2432 7772 49 3057 279 4450
7546 5713 2624 6602 8600 6439 5327 562 7895 9454 9358 7089 5762 5764 3677 9340 1451 7128 4863 9526 7274 4251 4545 158 6220 3041 310 7409 7051 3571 5238 4368 707 1299 663 3720 6489 1393 4831 8807 957 3569 8204 3646 2219 9221 3524 9244 5023 8700 66 2344 4594 4660 3651 195 8585 9355 9280 3700 8235 7897 7167 3129 254 9432 4159 9517 670 392 372 905 2454 3611 1782 9033 296 6491 889 2765 8461 1923 7367 7872 7092 2055 5286 7284 3212 5075 7512 921 2791 5726 6070 7272 3898 8439 2335 9129 857 54 9199 1635 9553 9603 228 2764 2676 5480 3608 9524 5136 2086 9126 7709 5860 7937 6960 3493 2810 9352 9936 3624 5074 1609 4689 8159 6846 9656 9206 2428 7259 7713 4125 1864 9381 2474 1306 1629 7234 8819 7283 6925 3311 715 5268 1360 102 1305 8262 5220 5492 139 1340 2310 2523 2699 6207 3133 7386 5126 4129 309 8039 6590 5276 5826 4834 4033 7998 5623 4453 7277 5252 6821 698 1489 4508 8579 7401 5597 7938 8674 5369 9521 4601 4842 5763 2978 8480 4958 2716 8814 9516 9571 2083 4653 3211 7144 5216 8040 8605 4565 8477 1349 3572 4668 1418 6535 3955 8238 9442 5090 5011 7033 4207 7578 6624 6321 6163 5274 4263 1245 475 4741 67 2169 1655 4322 1649 9240 774 8296 8665 3035 4555 9428 8370 7656 2358 163 8638 7508 3169 2218 8696 3340 4944 461 4140 6206 8810 6788 902 4876 7046 7381 2836 8174 3948 6981 9119 1918 202 2844 4978 6779 5627 6911 3263 2039 4225 7260 113 6582 6627 7761 3319 895 3271 5591 7626 6192 6396 3027 9618 5454 8592 7640 2778 7935 9465 1735 8621 5602
2532 8257 3128 4742 1682 6710 471 860 7709 23 6205 1338 505 7392 6272 1604 7249 8581 7748 2722 9547 8821 645 7612 7123 7192 6882 7566 1534 2013 1841 4075 4519 1980 4703 7178 1782 7241 918 7774 5659 2594 1314 3673 8914 101 2633 8283 3567 2020 8476 7708 6613 525 8382 5128 3285 987 1400 86 6797 5396 8061 9581 7540 6725 3459 6515 5201 3153 8342 5803 586 6998 5874 3845 7060 9781 3293 9307 6562 7844 9840 8142 169 218 6020 5070 3870 4390 2099 1532 9074 6669 2355 9397 3574 9750 1676 1578 6503 4374 9497 7273 8225 393 8075 3310
4975 9483 5969 3667 958 7733 1554 2085 7726 1326 2866 3623 8941 2087 626 5204 7014 780 6350 9772 6580 7706 8201 3815 4897 9854 228 1142 4648 9066 6848 4846 1032 8848 5760 6709 4854 9179 8355 1140 1335 9282 5290 8846 5396 4100 2763 7496 9355 1635 5692 9708 8875 9264 1684 3207 4069 5900 5770 1765 4362 6075 2149 5996 4292 2946 1921 3834 1927 6781 3923 5673 2939 8625 9701 5465 2580 5228 3796 5165 2229 3268 4314 3274 3609 5740 2311 5202 3600 7093 1900 9158 8226 2090 1407 4984 2189 4624 7491 1446 2256 4777 8859 9082 3145 7736 5215 8516 9388 8435 600 5650 5302 1151 1388 6887 1084 9786 5884 4754 515 2375 6112 7256 3752 8060 4665 1477
5855 227 7270 2524 455 8015 2454 2735 1957 6455 4687 9299 1753 6382 6112 714 7220 8698 8321 1638 5374 400 6886 1755 3214 6675 428 6879 4562 316 8153 4759 6130 4677 1076 4607 3217 5466 102 5490 8092 2650 4585 1743
1496 8365 9726 2848 469 4706 5956 9493 4656 4007 7342 3218 5672 4607 7455 6715 3419 5817 9873 5796 9851 9509 8474 1774
4581 3339 918 4913 627 5645 3754 8818 8786 4406 3463 1196 3056 8403 9199 5320 4726 3272 8847 7662 1406 77 7870 1927 5375 7021 7570 2588 6269 7211 5182 6912 5647 6359 596 7778 6989 8690 1103 6478 7069 833 4209 5562 9256 8024 419 4918 6795 3844 1644 3021 6090 39 4426 7421 8300 9644 3395 6211 9346 581 6704 9112 4886 8244 4494 6162 6244 6607 2902 4983 8747 9037 7645 2674 9023 2305 7750 2283 7173 1323 260 1051 2973 8707 3006 5266 2981 3835 4195 7951 3312 5013 4095 5599 725 1012 410 9101 6914 3202 2539 9640 2952 5344 2353 4078 1044 1339 5042 2012 7294 3873 686 4113 5202 1161 4350 8409 9847 3292 6580 6612 3698 7847 4461 6976 5739 7601 4485 987 5440 2521 2905 265 8385 4964 1377 5702 1656 8184 3474 9170 4768 2201 9049 966
9620 5318 9320 7151 2212 4009 9817 5672 3039 2626 7867 8751 758 6488 9020 9244
7361 2948 1747 9481 2228 2094 5632 1092 2977 456 4192 55 2790 9674 5714 4732 7390 9340 4716 2392 5053 7698 5180 3688 8752 5536 791 9242 9877 2585 9526 3173 5255 7659 290 3270 4737 9572 8860 5068 9811 2803 1941 8367 5170 8355 6312 763 7873 4888 8315 377 525 4568 6883 4699 6912 2374 8669 1535 1077 5386 6434 795 7726 7822 9109 3503 390 3090 4514 1706 2219 8293 8530 9353 4363 3326 7935 7573 3857 1429 6043 7756 7697 6183 3618 7451 4044 7379 2095 8075 5938 7556 9956 9615 1209 9315 5818 1256 896 4982 6105 2086 3024 7856 9637 1678 2324 7925 9027 4329 9280 6841 9915 3225 2547 2560 2058 9853 4860 2661 9383 2001 4265
1501 790 8355 384 6649 9007 2216 6569 982 3467 311 9299 7823 3974 4321 1350 2717 6315 8218 4093 8059 1951 32 451 8617 6819 2593 5952 3220 5554 120 3289 9266 1116 5859 9178 5217 8492 1546 7709 5180 8496 1346 6464 4716 6568 3881 8591 8420 8541 8150 1954 910 6924 9330 7366 751 3337 7972 8580 6061 9386 8978 2454 6210 2832 6306 3541 9886 2991 4220 686 369 2753 1492 5113 7240 2152 3978 3864 1313 4119 5521 3532 3377 5007 2723 6320 2944 4416 1911 4337 9146 5999 8063 795 8505 1013 4697 2845 8742 3240 2812 7083 8867 1845 1046 6100 8974 6515 7503 6743 2870 3216 3954 2667 7997 8994 6835 7345 7000 3969 9893 8923 4964 4418 9135 1462 1495 549 782 7828 1337 1566 1799 8272 5108 7756 3248 8977 8888 7973 6194 4638 5756 2558 8745 3833 1355 694 7222 6263 6916 4494 3824 6509 477 880 9923 202 5 4214 8958 4519 6458 1697 3120 5222 3478 5405 8174 6420 5899 5728 3645 3959 4849 7640 507 1569 8313 7215 4460 8534 3591 8367 7267 318 4170 7074 6305 1604 5308 929 1509 9277 5265 7041 3022 4216 7062 7476 7720 4365 5790 7830 8793 9111 2194 8719 6460 7046 1242 4931 9250 4250 9658
7661 5073 8709 2165 3087 8099 4030 3692 4654 5074 4592 1012 8558 2123 6590 6150 5391 2032 2634 9472 1167 8981 4384 9261 1826 6499 4395 7510 258 7870 9689 109 5967 2067 1448 9014 382 4888 2381 2117 8273 8475 7090 3617 4618 2287 9656 6637 6212 9124 4185 9055 8274 2043 3163 2517 8151 1269 2003 4586 7086 8703 4668 7777 7483 5091 1383 8347 866 7404 7592 5340
1813 5561 8185 2932 337 548 6390 1582 9029 3209 392 7163 6844 3977 5918 6009 2149 111 4621 8874 9613 9453 7262 430 3296 579 9321 1204 1983 8206 1652 6400 5995 3359 7270 1503 8734 9218 8100 1955 4533 1698 9343 7235 4192 135 9141 7298 8482 6809 8257 3101 5134 1384 3859 8719 7045 4139 885 6731 9584 1416 5450 3294 4268 7660 7535 6512 7642 5256 3364 1905 8397 2670 5880 6103 1201 1116 3512 5171 3770 1986 3138 4892 3017 878 1797 3660 7956 2354 1512 8242 541 6541 1402 9245 7481 861 6781 1205 2694 4971 1556 2081 7079 4389 177 4907 6767 1546 8979 1195 7780 7416 7878 7300 2795 1636 3400 9506 1865 3038 6688 705 4025 3918 6698 4267 7018 6883 1621 8964 8337 5114 9864 6497 3785 5086 7711 4943 444 7036 1440 1890 4147 9241 7360 4155 5718 2099 9639 5768 1054 5624 5382 1802 6872 8533 204 4686 4400 8295 763 7139 2989 4618 4730 6266 367 6326 7276 4347 8326 1283 667 5573 5270 9145 7623 629 2236 9746 4269 8144 5280 7810 8856 2578 5524 2473 828 9302 3416 8303 6459 2883 9555 4529 9488 9385 9944 7898 8985 2595 9527 8895 8751 2702 6135 9770 1184 4170 2875 2457 8041 2021 9432 1892 6174 5291 9026 344 6519 9757 5653 5282 4871 2395 9576 371
4830 3777 7137 1975 9762 321 1264 5121 636 5875 8449 3802 8666 689 8375 5891 3773 1958 2645 6707 6049 7417 962 6511 3722 5911 5103 4449 7525 3413 8323 5590 7289 8101 46 4533 3251 8440 256 3856 8071 4491 5684 6795 7475 3745 2385 6201 68 2098 3351 1609 3372 885 1611 1833 2380 676 711 6017 1455 6048 8794 6772 6906 7603 1202 1951 7902 4538 4084 9333 8878 4171 111 2804 1429 8396 3507 1176 7236 5638 7184 7197 486 1769 7337 1968 5381 3555 7945 7871 2521 8157 3379 9800 3456 2324 9105 9013 3794 4889 1069 2638 168 1933 184 3519 6180 9157 2564 1794 7261 6809 7393 7064 3425 8826 1587 7939 1738 7695 1576 6557 8944 5611 998 7228 550 5126 3204 8234 633 3415 5633 3889 6792 706 2260 5308 3348 7118 8015 8661 6731 9226 5299 8103 4071 3751 7196 5940 2335 7616 4957 1164 9698 1292 5436 9977 2379 5525 4441 6168 934 9234 5987 9687 4796 468 3294 1569 1758 463 627 4456 2432 4812 4152 992 3212 4511 8472 9293 6434 148 2465 301 8070 8877 7764 9607 2904 8833 1238 828 3624 9774 8977 1222 8711 9020 7637 796 8051 719 75 9870 8336 4856 891 1857 1628 9833 7088 3495 1213 6966 7212 6292 5973 9813 9311 5184 5912 2408 377 1811 5248 9782 5734 328 4691 3131 3616 4931 2653 2987 1494 9167 760 2986 9651 9980 4529 7056 8163 8845 302 2147 2203 8487 6918 6744 6808 2341 2719 1422 2707 2880 7422 3103 3805 2971
4682 3559 7380 2420 4344 1246 2616 2235 3542 2306 7551 5521 2300 6673 3386 777 9201 1020 3084 1479 7661 3456 8147 5908 7439 8139 1306 6896 6140 5012 4481 5070 5114 700 3896 4706 9843 208 6301 7136 2609 5196 9172 6246 5240 3508 3279 1843 8816 9753 6381 3638 5746 1577 9165 1438 8990 8395 5868 9462 5421 6386 5330 6964 6766 2465 4026 8693 1251 2345 5644 3337 1820 7468 413 290 7012 5901 8385 5467 6760 7187 803 9551 8407 3527 3369 7960 8876 8466 5927 1765 4030 2474 9115 9381 8181 6182 8927 5619 3593 397 6166 7440 5984 343 4224 897 4292 436 5766 4800 2637 8426 7762 1184 13 5917 8003 4639 6505 2952 1398 9060 6379 7770 8185 5223 8793 1295 9576 1329 2468 4884 5051 9293 1871 2097 5484 4965 1592 3142 4019 2071 8928 1823 2052 3296 7038 2599 8626 4049 937 7122 8094 4694 9714 4256 5555 7824 1249 1812 1425 117 5041 4216 1222 9 3131 4111 2075 7454 1328 6014 887 9135 9154 9985 1869 1464 5181 4768 213 2403 2276 7575 7550 1730 9895 8242 59 9175 2999 519 2692 7814 2839 8265 1781 4442 6953 4599 6469 1340 555 2128 1203 3848 1634 5088 7386 2047 182 1198 1614 799 2121 5926 5566 894 1315 719 5590 4843 8878 5816 4095 106 1197 5969 9211 2079 1648 100 5691 452 6380 5882 9403 8771 4729 3906 6552 3721 4988 5519 9725 7742 1056 8122 8291 4935 4749 6635 77 2973 5413 8317 7063 2765 9276 3648 2375 7876 4968 7619 4097 1373 7527 2907 4060 1572 4617 6413 4782 872 2587 3447 9862 7166 4118 4920 990 7059 2223 8212 9362 7457 2481 9867 5937 8804 2282 3562 7543
3974 1664 3534 7121 6709 4152 1996 8912 7816 1841 9739 2598 6796 9242 5752 4865 6445 9826 4620 1984 606 8493 5220 3525 4262 1151 3026 3047 7446 6364 2707 6850 6160 1212 840 7106 6276 8617 3805 2442 6607 8959 8823 3407 7182 6429 1367 3873 8180 12 7529 4291 9497 6280 8573 6849 1074 7559 9411 5118 7028 5728 6816 9525 5811 6435 3001 5988 2372 5057 8386 4052 1024 8881 4476 7439 5128 3469 8368 4787 3296 4385 4383 4032 6808 1772 1682 1168 1585 8571 2182 4546 2114 7677 4475 475 3845 9813 4392 5602 4500 6193 9584 113 2058 7305 8447 6755 1290 3965 7941 2155 20 1237 3127 874 546 1637 6762 5071 1878 9309 7788 1163 6027 8616 5657 5388 8164 2591 2875 7264 1130 5084 9198 5741 4078 1425 1556 6678 3302 131 5422 4609 5786 3894 5026 4309 5858 2681 7923 3239 3198 3903 1621 6162 3299 955 5944 3269 1824 3695 1300 7352 9439 215 2984 3317 4024 7071 8775 1798 5133 3911 7285 3372 8437 3390 5032 6347 209 3609 7996 8140 4901 2863 192 8162 6416 8504 4923 6143 2489 644 4192 2121 9186 2662 6633 5701 9899 2954 8628 6000 8701 1794 1296 3172 8490 75 1453 7036 177 6554 5658 793 3171 4132 6391 8222 1258 9134 3745 9181 4163 4535 6097 5635 5603 9891 7350 7626 2959 5529 9129 5524 4177 4079 893 333 1938 7587 2347
6264 8659 3126 7192 1765 2804 6275 9455 3782 6661 8727 5057 2813 9581 2806 227 7014 3408 6472 1692 531 9887 6011 3867 7130 1901 6066 6290 9590 1714 3608 9333 53 4490 1110 4647 2303 7719 4098 3877 847 3186 5680 7169 1255 7934 9495 3991 1304 675 9064 6791 7418 2087 7996 9421 3786 1548 2757 6575 6314 7360 5980 3739 4624 1746 507 1463 5308 8583 6990 3046 3620 5676 6833 1580 1954 856 7333 8970 9888 7584 1115 4792 8540 1657 5051 9719 4973 2287 6754 9470 3567 3164 357 5665 7616 8542 1998 2387 1235 3753 4790 1647 740 809 8090 4594 2346 8023 7541 4590 8533 2935 4434 7537 8626 1669 3593 5634 1826 9739 592 2678 572 476 9728 4588 7270 3932 5318 8328 6687 7345 9659 3395 1396 2324 6453 3577 2176 8670 6496 1775 3752 9807 283 8431 5535 8451 3100 8569 923 8493 2523 8351 1158 7623 9884 4053 2458 4680 6035 8652 9617 8305 3734 1636 6966 7684 1324 9748 2693 609 2723 2597 4040 1821 2810 5966 3678 8627 9498 9202 2274 2086 5141 7440 786 7312 7346 4211 6243 8603 6773 8190 7288 8693 8056 4055 8030 8975 7123 5727 2765 4756 7777 5173 2044 1045 8797 6639 5407 2736 4878 1044 1812 5656 1816 2917 9188 4070 4639 8145 8598 2920 1705 590 1697 6415 2276 3371 681 5307 3407 6187 8596 8604 1756 9038 9620 1780 2962 6806 7856 8660 7389 6127 4832 1794 9508 2768 3795 9540 3426 5442 2732
5013 917 1462 3875 2590 3966 5180 5012 3152 8057 5219 6727 4472 1935 192 3162 892 4694 5437 3757 5882 3965 555 8030 6332 3101 4356 4523 7258 9758 8395 2390 9006 4105 8488 8401 9620 9104 9516 2324 2760 4706 1832 5792 6014 5765 6573 3948 7396 6742 4219 3207 6372 5729 6124 1838 1992 8844 8982 1945 6122 375 9882 702 185 4954 9530 8130 1574 5433 6265 8745 9386 2048 7116 5500 5793 5685 1175 9721 7280 3120 7408 8864 8687 6207 4124 1359 68 4819 7616 6120 4853 923 1172 6230 3069 8379 5618 4620 5859 9414 4570 3373 2093 7727 4382 8776 9998 9227 6316 7217 6818 4761 8497 2739 475 5249 4928 2818 1477 9572 3695 8020 9712 7623 6170 5060 4307 4183 6881 5078 1339 1241 5693 3747 1533 6509 7819 5917 3328 5943 5305 2606 7264 642 8337 8985 6061 4170 3196 2673 7979 1180 9613 5403 5213 4362 5800 6869 5665 9827 5811 7686 2327 3475 8591 7048 5909 7722 5833 7427 1924 9281 7803 5048 3801 9292 1830 1543 100 3679 4155
6644 7452 1233 2130 2309 6202 5256 2370 5775 5101 9834 151 3957 5227 5051 3047 1042 8185 8880 8702 799 3211 1656 1359 5364 2363 8299 4594
4505 508 6898 3463 7510 6090 8125 3589 1845 8238 2149 4352 7632 9478 7791 6858 9114 280 2425 430 8245 8106 4425 4874 757 6711 2095 1303 3320 2070 3092 2220 893 831 7201 377 4186 3476 2980 8428 8011 6421 6787 3609 853 8695 7981 3587 1811 2792 2608 799 614 4667 8785 5586 511 7761 3365 4473 9413 5640 7694 8297 7811 2497 5130 5471 6826 7730 8574 5485 7316 8615 4055 5972 432 6979 3375 9240 903 2452 1763 2825 2843 9938 3565 6075 8033 5624 3755 9712 5562 6672 1314 5872 659 5644 8944 2521 1819 7567 5515 4987 5672 4904 622 835 3335 9015 9672 5454 9062 7564 2522 9153 585 3019 2853 5985 9615 7642 6108 5422 3887 450 2409 7333 7447 5850 938 5489 6449 4020 843 7612 5173 9358 470 4976 106 9725 7233 3729 1621 8093 7134 4651
9133 6355 2599 8343 3610 346 8334 91 9239 9899 8070 3153 2062 1011 8761 3623 4325 1639 45 5616 5517 3751 2918 8972 1252 3260 4385 7334 3256 4462 3607 1544 4353 2014 2363 8126 4440 8214 6047 3826 822 9735 9840 6458 4724 6865 3391 3942 4286 7203 5248 2524 5157 5581 4029 8703 2126 4587
1424 2897 3251 3518 3870 534 7278 1222 919 1307 1110 9323 4712 6910 9745 8407 8316 5166 8475 9495 5769 4966 2117 3971 6184 1064 647 2936 2540 2977 7300 7912 2029 9923 3941 7940 3249 715 6597 8555 4623 8181 1060 5616 3695 2312 4335 4199 3142 5530 7316 3663 2326 4097 1094 7104 59 3018 5579 6794 8904 8151 119 3439 9685 1040 6785 2596 1070 867 6668 2689 1482 7976 7529 7501 881 5954 6792 3274 996 6752 942 1441 5179 7312 7029 6505 5758 9488 5770 8309 7458 734 3169 5677 7585 4548 8100 552 741 9500 5937 864 3527 3470 2218 5915 6226 2770 7939 1281 2609 9318 4997 6011 5823 7734 8879 5803 4911 5233 82 5676 9190 149 5891 875 5773 326 7472 2350 4171 7382 8193 3774 4423 6389 7782 1192 6866 7742 3711 4002 6390 4674 4856 3747 2081 2223 3824 1889 9449 284 2166 3396 6644 1844 8368 3153 2114 8459 9154 798 6044 3616 7127 479 2245 2333 2454 4122 1766 8194 8997 3665 5346 2442 9489 6879 7037 1390 1840 2337 6124 148 4443 7938 7755 2381 3252 4455 9315 7733 1219 6566 2536 1166 8822 3641 8148 9770 2687 2124 8516 3600 8134 8354 2340 280 4136 8084 4824 4939 9554 8515
1060 2863 6458 2609 5728 1135 8362
5297 2096 4478 9074 9238 2211 3966 5717 9417 6823 9163 4102 6704 8031 4323 1776 7583 7831 8470 1666 8772 3524 7105 1424 9441 5225 6028 3449 6141 4530 6268 1585 2394 6445 9991 6589 6886 1570 8903 2745 7367 6500 6809 8597 9816 8399 2351 4124 3933 1225 3811 9460 6178 5436 180 3592 4973 2056 2150 2415 2954 6452 4790 4546 8136 150 3963 3560 7316 7876 6155 8372 7874 2687 3683 4807 3423 8065 114 3658 6410 349 427 8775 1394 7615 6700 6408 3391 6298 8820 6973 7060 6464 5420 1997 1950 7922 4716 1648 6487 2652 625 532 2743 3875 9615 4232 689 5985 7169 7997 5860 1759 6432 8534 7330 4996 6637 9652 3617 1858 7143 6555 1649 8743 7966 5884 5728 9730 6304 8789 3598 9562 299 9602 8492 7782 1396
5759 5429 4700 9734 5968 352 6372 9023 8252 8535 901 383 291 6047 3777 551 226 2061 8080 1443 598 7325 4100 7211 6395 7662 5801 6815 3950 8393 5039 6872 8707 6998 4732 1608 8588 8069 8103 1107 3194 6849 402 3700 2360 1146 7001 110 6556 8452 8631 204 8611 1037 6086 3677 2441 8106 9037 231 7569 9985 500 7591 5360 4791 1434 4430 1042 876 3561 1008 650 8656 8159 9877 3490 6627 5258 8857 1981
692 7028 4082 3958 4693 1618 5328 361 3889 8335 687 3667 2051 645 1197 5992 319 8027 1424 4438 8979 6568 8392 2705 9267 4354 7715 3809 1203 7330 2874 7300 5952 9680 6108 296 8781 3167 4891 5920 1651 5131 3486 7409 7327 8541 6801 7992 5968 413 3559 5088 3254 1400 3923 1127 709 3044 9244 9157 8452 9590 9763 4197 465 2298 4005 3489 7780 4006 4757 9640 7662 5406 7876 3600 5552 2429 5615 3669 6455 1638 1903 4375 8049 9917 3377 6065 5586 8305 8121 7769 8736 5093 8197 9811 1559 9696 5167 6313 5630 5008 3937 4683 1382 1074 592 7909 8046 2136 1014 3271 4483 8463 6648 5553 7644 6372 5438 9638 4714 7658 3126 9532 7648 6750 9454 8991 8924 6033 1536 5480 2092 7557 7344 265 4520 6174 6401 7137 4793 8622 6663 5960 2935 8764 2043 2606 6646 6051 8248 8653 1332 2145 2892 8418 5927 4894 4617 638
9092 1170 5254 3740 1302 9610 7906 9674 494 5563 3012 1671 466 3908 907 2197 5390 8147 9488 141 5590 4575 4416 681 9730 5674 2292 7870 9648 6689 5854 3924 7849 2067 4694 9694 8442 5716 9773 9804 6663 9808 965 7608 8254 8276 3585 3566 1227 1539 1563 8470 7137 6428 1057 1103 3424 1553 4412 7367 2301 567 3098 8851 4151 72 4677 1574 1349 9559 8281 9705 7682 555 7591 4466 7624 1323 8203 6358 193 7645 6849
2067 5165 5325 8630 9822 7281 6733 8273 6979 8133 2827 4475 6057 5815 5933 6565 6113 6479 5681 1693 8800 1668 3084 2035 609 5682 6520 3234 846 877 2958 8131 5388 4157 7216 815 1287 4963 2522 1743 3693 2380 2013 5149 6387 2229 2138 4990 957 9948 2222 7908 5680 6294 8093 9716 7239 1828 8741 8816 2226 1367 4735 9190 6295 9826 2798 6776 4025 3590 6064 134 4098 1474 4999 8422 5237 4623 5446 3168 3747 9434 2611 1502 726 3411 4524 3390 7369 7660 1867 5875 4544 4568 543 6539 2133 327 2963 3902 5254 4198 6248 3368 1015 3162 7321 5485 7235 7578 1242 2858 2083 7558 5861 4741 6458 432 6269 3741 7571 2256 8699 4235 250 6316 6089 8529 1907 8904 4352 8698 6646 8726 9642 8691 8010 2168 4530 4102 3933 8455 1799 2171 246 3497 7069 3072 6929 1895 1878 4443 9373 9815 7362 3884 3443 7373 9232 7809 7240 969
3410 6240 6719 9722 6565 6857 2848 4164 1900 1582 5555 8506 4735 1817 2596 8118 8731 6834 551 4650 5296 1110 8862 6560 5126 1131 7303 7979 3352 7720 3625 6095 8082 8503 9172 6107 6776 3723 3444 8083 8973 4103 8690 9899 5481 36 8133 2269 1946 637 5630 6407 4068 5744 7840 3812 4073 4994 5303 8692 6110 3391 1620 4129 4561 8753 3242 306 5405 857 4889 7438 7759 9518 3948 2402 6952 8395 1714 2989 7892 3308 2816 4724 6821 4788 509 3843 815 8602 1015 5354 8709 6032 3226 2940 2862 3228 6500 3831 9437 5202 4859 5097 5708 489 429 451 7932 6358 611 1313 7749 9621 6767 2872 7601 5821 8120 566 2070 2900 1499 6514 9458 7862 8510 4778 6505 6334 1755 4864 948 3477 9473 2714 4148 915 8705 5474 3936 8323 9470 7301 8573 4708 6942 2220 1292 5639 3000 2763 7511 35 6418 6377 3925 8172 7262 8170 1312 7772 2204 7768 1966 5720 6154 5220 9759 1916 1298 3196 5390 1939 43 673 9821 5324 6178 2492 4104 2566 7463 9916 9674 8969 1570 4076 9570 8939 3422 4665 6245 5986 1614 5393 529 1370 6787 4861 4209 377 302 4205 590 3745 1200 5260 115 491 2987 4993 8650 2539 9396 8271 8734 1362 4364 2852 7230 9743 4689 6744 1671 2147 1867 3164 749 3532 449 7055 8898 92 4969 7921 5283 9536 3744 2753 8019 8066 8566 6118 2413 428 3699 8199 1754 1378 8952 5248 2209 9943 5463 1581 5773 4687 9417 8999 7022 5359 8433 5935 4800 9910 5974 9415 6173 978 287 2073 6466 2438 1715 3137 9594 3982 2291 6175 9988 2153 9438 7158 140 3931 4421 7565
4947 1631 6225 8983 9357 8299 7125 3849 4653 6738 8729 7376 2558 1243 6361 8666 7437 8589 9723 7330 2507 3507 7478 544 1319 5466 2488 1062 5696 9944 5715 2809 3401 9832 6891 5581 2237 5479 9585 4914 8858 5717 1723 7481 517 1919 1599 3747 8507 6093 3614 6253 8673 3491 9027 3512 823 6137 5303 3425 3816 8124 6576 9448 5568 7382 9009 1859 8994 4697 9242 9715 8654 7322 3240 8635 7347 306 3266 5330 2401 3500 3786 3444 7004 752 1206 1666 5080 8610 4288 5276 9355 4078 8180 3678 7093 8039 1412 6892 4213 2572 9727 5388 6594 3126 132 1293 4834 632 3606 432 8851 1976 9621 1165 8951 6353 3983 8905 5828 4339 8820 8588 5745 6028 8672 6959 6426 1489 4843 873 169 3480 3918 9216 2147 1970 8570 6244 3148 8999 194 5206 2056 9582 2234 5205 7509 4088 9633 9116 8465 5299 6931 1749 6888 1629 5716 3457 5731 1875 4895 8622 7261 6097 4353 2122 1748 784 5467 9901 5740 8439 4869 4016 931 2180 6708 3759 5117 55 5352 8234 7445 3885 5685 589 2246 9346 832 9939 5381 3525 251 4260 3746 9489 9475 1820 64 1344 6549 1320 1314 4103 5918 8142 3654 7692 5394 3630 7908 5691 1376 3794 6389 9016 6967 6398 1851 1209 9563 3377 8657 4462 7302 4507 6356 5198 5137 4566 5908 3273 1055 9970 3634 6165 7754 3417 4465 3065 9465 6485 2081 7456 583 7022 7020 70 3937 3732 6259 8207 8486 9980 7965 2705 431 4289 7242 5811 7023 9033 6100 79 9117 3041 3092 1731 7342 401 1777 2311 1435 5997 7197
4004 8653 5143 6224 1475 9460 9598 9196 3057 3089 2308 9809 8671 8544 8047 311 7449 2751 2968 5411 4499 8078 2441 9549 3497 6291 2386 6349 7963 9618 5290 1605 6116 238 4039 1212 4913 9652 2273 4599 387 5963 5646 4265 9280 1938 7286 9377 3865 185 1149 4942 5616 6662 6913 5613 5348 7032 5075 7116 2897 5340 1350 2042 2174 3250 1072 6915 2708 979 6642 4752 5083 7479 7505 741 3690 1603 1262 9714 2929 5254 3318 2086 8733 9669 4652 7515 4910 5825 2908 5563 2022 4956 4022 9516 2317 9333 187 1105 1963 1711 8815 9524 5233 7902 1856 6786 4179 8317 4714 5605 7946 8070 7499 1658 5190 1136 7572 7866 2216 2031 4867
6486 679 7006 303 8009 2254 5663 8404 2499 5705 7245 5022 1276 7308 7784 399 5429 8891 6106 8645 5206 8836 1649 7887 5895 3633 4338 893 6167 4267 4434 9911 3424 5640 9618 3027 7111 9154 6775 9516 3641 2968 1926 7586 5657 7886 9597 5615 2998 9024 447 9284 5941 6984 3974 6533 3963 5683 7687 5453 2127 7881 2842 9058 7726 1956 6963 8581 213 2243
3635 2541 2600 6703 1694 9888 7981 7473 2788 5775 6942 6444 445 7115 6688 6176 3362 8086 6092 350 6447 3741 4948 613 9736 981 9982
4069 4041 3808 4105 6519 6062 5357 4197 8380 5337 9848 6132 9838 5292 6245 7717 8194 8183 2684 962 793 3129 4014 6482 2951 4634 3773 170 5565 3961 8219 3898 6721 2612 6069 5966 2345 5036 7704 2523 8571 5641 7671 4406 8151 6709 9578 4263 2023 6631 7771 8030 3783 6980 8708 7088 5750 8103 5306 2343 4222 9836 7037 3826 9582 3365 2730 3080 1176 48 5977 7295 6872 5218 4618 5510 3659 1267 1283 3924 1067 349 1531 1624 7941 2855 7022 8261 9384 7808 6582 5238 5068 7793 4511 3118 1740 1586 2886 6474 3985 8487 7524 7036 1574 9713 7624 7722 23 5170 6323 7264 1408 8978 4329 7555 7660 1505 2037 1318 6160 355 963 4614 6140 3856 8482 7482 8707 1857 7158 9631 2267 9679 4885 4942 3242 4922 4375 1395 2354 2105 8729 5525 1358 5807 3456 998 9431 6723 2580 5609 6798 6011 3407 3952 6484 1402 5489 1728 9723 7804 895 7521 1098 8128 9799 259 8443 1744 8295 3718 3667 6548 379 9331 4304 8914 2264 2797 6715 5363 1755 6747 3905 3465 6018 1039 3828 4702 3633 3516 6396 7571 8745 2905 1415 2403 558 2152 6672 5194 3227 8157 8228 3707 5519 328 9640 8701 8163 2729 6821 4863 9256 6865 5385 6445 3233 6550 8522 1418 980 2949 3206 2073
551 6182 6588 9011 4325 4451 8666 5398 1568 7123 3599 9178 8967 8149 5564 8300
9242 2686 4523 6427 4911 7920 2651 3479 9742 5704 601 6458 6229 7222 8439 6746 3770 3658 344 1501 7476 1216 8719 9137 5038 7113 4261 5541 263 8120 2075 4505 7779 5194 9775 2123 5785 1939 21 2213 8573 8149 7028 6820 9629 3167 4248 3088 2514 6042 1441 6013 7138 5370 2501 7110 1762 2773 1191 4391 7510 8324 3288 362 3332 3869 4005 3591 6467 9995 4817 1449 2611 6217 7 8419 1384 2874 5187 9267 4827 1521 4408 6742 6004 3010 1161 1717 3916 3339 7637 6359 4404 5921 9019 1891 1152 1121 8012 1885 7139 5929 6884 4572 2722 8575 2295 1963 1399 728 7918 9005 1949 869 5721 1392 1457 115 387 3166 8580 2605 1480 3535 1659 6661 626 3284 2714 156 8422 7289 7208 7327 9592 8380 1751 1361 5169 9540 1833 3814 4058 4453 7702 2829 8807 3259 8571 2190 1120 2727 5697 7914 9403 5804 5937 3214 685 8804 2082 3628 688 3076 8613 1600 7953 6667 2599 95 6649 2792 7546 5097 2162 284 9576 4028 8870 3775 7397 221 9463 7806 7026 9555 9779 3346 7207 939 1199 2334 8607 7824 380 2762 31 5136 5982 4598 6614 5010 5440 269 3609 4782 9454 2181 4504 3041 6218 4697 4731 8127 9436 8005 1801 2862 3077 1502 4752 722 1269 1913 4909 476 1409
9919 57 4636 8504 3418 1433 4574 2250 8632 4426 5896 4249 287 7846 1667 167 8895 6259 3251 9278 4451 282 8048 6879 2021 5840 9644 1458 6131 3628 6910 534 3252 7745 7478 5244 628 3592 8670 4080 7487 4567 4090 6868 9577 4883 3940 9141 4769 8051 2322 8772 4876 4934 1386 5161 5948 3480 3173 709 1526 872 6402 8824 1510 2956 6296 5577 1000 6093 635 9466 4862 7525 5760 7804 5677 3849 1508 4349 2766 4699 3140 2558 5119 15 9923 6837 3834 201 2291 2911 3930 5996 3363 5467 7864 8584 6411 701 4095 8660 7805 7746 4278 6109 3031 3241 1119 4188 321 3851 2879 8242 8607 7221 8810 5592 5573 2347 6125 6395 3106 2555 8124 7796 487 1786 3747 2221 9788 6427 2609 2052 4137 5698 2222 9403 3869 4473 5396 4596 6582 1741 939 8388 9736 9635 9528 9828 9534 1926 2520 7373 1401 5609 5009 8957 2311 773 7568 293 9461 5816 6193 5157 2012 2562 2246 7224 6498 4970 7065 668 2890 9236 9990 4375 443 4382 3248 819 4347 5293 9850 3808 941 3583 1739 1413 5414 6180 3087 3832 3642 1723 7151 1390 7990 9908 1459 8272 3334 330 647 7506 5367 1201 432 9340 3964 50 8781
6048 5373 6856 1497 4026 409 5909 4471 2995 5889 1721 6348 6385 7426 9259 8640 3508 8540 8731 5425 6687 3979 5695 7775 4340 9519 2056 1893 4977 2883 2779 2442 824 2117 7023 248 8070 6603 7051 8986 9873 8333 6060 7447 8015 480 425 6402 4360 640 2624 2267 2520 1832 3099 3986 6830 5190 5217 4035 8906 6740 2218 4637 4583 3267 5165 29 7145 1465 4286 9597 5690 3928 7135 2701 788 8718 1620 3946 2402 8136 7115 1698 1850 3846 6976 6047 7050 5539 4641 3642 4904 2566 5356 1426 2207 9906 3360 8527 1589 4903 403 4012 692 6132 122 7358 217 2262 3480 3503 830 279 469 2833 4972 1192 7934 3328 9720 8089 1088 8 5595 1604 4980 5716 8242 962 6481 1679 6846 1399 8643 2927 2891 4281 5194 9296 7732 1538 1267 2487 5862 9570 5843 3195 596 6463 6803 868 2422 1269 6440 2306 2809 1329 8441 1851 6719 8875 2250 3794 2538 274 9025 7445 1491 2863 1410 3540 1105 7005 227 971 3673 6521 9273 8414 4730 9774 9575 6017 7552 8184 3771 8940 5387 2913 252 2700 7878 5861 3681 3190 6101 9760 8145 8237 6963 3735 5655 249 8444 5951 3632 7288 4556 507 5768 680 4527
8338 6256 7228 9061 3358 7935 6003 2812 9174 5233 9057 7945 3677 8284 3751 4355 4576 2799 8305 2199 9121 6763 1529 7010 2087 1831 4856 8273 7386 6008 1595 9306 7702 5041 2703 1167 4989 4439 3100 9790 4113 4248 1453 5286 9358 6871 8189 7606 9338 370 9434 4373 2603 5031 8027 1970 1816 4663 6303 8249 2817 9287 1792 9429 157 4460 3588 1431 5930 7324
7709 708 4453 3106 3465 3885 3458 2905 7863 9871 8576 6558 2427 1673 6206 9475 219 5678 84 6509 4790 6786 478 4960 4939 4287 3044 1275 3289 6332 9258 9161 1469 7238 134 8563 4063 9072 3600 8128 5380 6825 3657 1971 311 575 9797 3017 7251 9351 351 1931 890 6575 4572 7089 2564 8517 8494 4561 2512 6144 6926 1501 3246 6852 6744 6911 7208 4306 8570 4936 8491 3229 8341 6335 4570 9890 6005 1694 5460 4694 3295 7810 1849 652 9778 4167 3992 4734 9702 8537 8798 1366 4201 3186 8924 4993 7662 5066 7493 516 3013 7329 7164 9263 6896 6845 844 6087 5247 4912 5973 3484 1560 893 2435 4237 6417 6279 8237 8446 7710 7772 5855 6374 9255 4146 7432 8416 1870 3539 1549 6207 1981 5052 2862 6808 2408 6247 3991 2437 3382 8088 542 1321 4341 7836 1319 1571 423 7532 1415 1746 2434 1254 7388 287 3040 9442 1264 157 7923 8535 2755 3447 5285 4529 1313 7223 6301 2830 4823 2531 1202 5362 8895 1839 9274 8281 6970 8638 4484 2232 2787 6319 1453 9157 7450 5416 8375 634 6263 8112 1679 2825 1936 4238 5287 6370 8898 9993 7857 1517 8172 3583 9727 9937 828 9134 3394
8918 1892 3533 6791 814 9560 6621 3080 2404 5307 6744 4484 9524 743 551 7785 7838 8477 7061 3166 2139 7320 290 4449 8527 1113 298 7782 5604 6946 4650 415 9006 1924 6753 538 1154 28 6635 111 6198 3961 7825 8255 8052 8560 9565 6399 2949 343 2216 9089 5169 9355 2719 252 4124 4443 8549 2006 7311 6740 5120 4846 7442 9513 4504 3247 459 576 5984 5814 238 6414 752 6989 6359 9591 7372 2705 5113 9500 6193 2023 6732 1540 5763 442 7067 9280 6143 6048 4191 3398 9124 1533 5038 8488 4880 2486 7471 836 6253 6059 9213 7252 1884 7447 482 8015 3197 1234 7544 5266 9613 7770 639 8501 9212 5628 6272 3689 3590 3116 6793 9956 8502 7671 2484 3230 460 5923 3468 5056 5847 4558 7997 8721 1739 6268 5426 7737 7339 43 8840 5714 2639 6251 5636 5934 1449 1530 753 5837 2833 6809 1856 4835 7310 1447 4605 9770 2277 2250 9396 5468 9924 8941 8167 2178 7993 7354 3650 4492 5279 3861 1512 6625 3370 659 2156 5731 572
5360 737 8833 7108 7780 3595 5307 6184 4775 2730 2682 9151 799 9193 9309 5481 2294 2366 9819 8819 641 4022 2181 4484 3650 8525 5856 221 1078 4252 5703 3191 6239 4400 493 9667 2767 8060 4581 7290 3587 4027 8307 1585 6056 5340 5612 7814 3995 7866 3600 3432 6174 4321 7699 4164 1209 7498 6968 6061 2855 9779 7199 8548 5512 9353 6234 5696 7260 6887 6811 3263 8179 4612 8821 9286 8705 6024 7642 4121 8237 1470 5721 5 1729 6683 5232 1730 4331 7684 3478 4735 3683 8955 1383 8627 9157 3081 907 2517 1721 9360 7361 7797 748 7057 1011 37 8429 3374 602 9344 6258 246 7815 4599 4268 2788 6238 9000 223 8167 6488 8745 1048 6748 2900 5638 5745 2602 3 4570 4836 9881 6668 6191 4326 1609 2984 6941 8318 5023 8768 5620 7044 4132 5806 2177 5479 4088
5432 3921 1174 4454 3969 3812 9783 5028 5779 1147 5748 4902 4347 1761 1055 9837 8329 292 8521 2558 7068 5944 4007 638 6309 155 3475 7606 4506 8424 8047 2924 7431 4268 7482 2679 2365 6679 3047 7723 360 902 9059 6851 1005 8143 3167 6509 4887 6764 653 5357 3253 3099 6253 356 5175 6945 4837 4694 7027 9002 4690 5438 2240 3294 5610 8972 4031 7007 980 9810 9436 3307 3778 5540 1963 7179 8377 5335 4532 4726 4128 1673 1713 2586 1649 5555 3484 8959 577 4878 5853 6648 6240 6770 7210 4841 8548 5043 4063 9848 1841 3005 2117 5694
3954 2445 5572 57 7051 4227 3528 1392 6753 6594 3321 5314 8803 8485 9751 194 634 3248 2626 9477 2860 1483 3891 637 3611 1096 1164 6865 3286 8021 4871 5880 1245 1920 3422 191 6885 8138 5870 6645 6308
4315 991 3805 1377 1711 7620 7044 681 8081 4322 1846 1419 8645 3702 1456 512 6746 689 2947 2268 2291 3627 1489 7283 1336 9622 9039 1586 1983 2791 320 8910 4829 508 1500 2866 3974 8232 6074 7743 4333 7135 5088 6386 7396 1116 7838 3659 2552 823 7379 6750 688 1569 8522 540 269 3381 3732 7217 1198 2534 5210 9106 8087 2196 5266 3202 2972 6936 5813 7040 6549 2614 9588 7676 8300 4997 4647 2744 3868 5010 4359 4340 2857 1873 8216 808 3731 3707 7936 3430 2901 1236 18 9301 3589 5666 9599 393 57 5631 2286 2581 73 1402 6685 1079 6250 1182 5073
7042 3975 8770 784 3826 4560 9072 8363 5938 8283 3835 595 679 9480 756 8536 5617 9780 2504 5931 2801 2927 2705 9089 5922 788 6293 1497 9505 8010 136 5985 8508 9186 752 9172 5199 5653 931 7605 5142 9746 2173 1484 8657 2423 6949 7735 5194 8885 4473 5910 6066 7361 8905 6668 5217 5467 3150 8186 2817 4887 9410 3081 3043 8225 5896 9517 6041 770 1677 8940 1127 5551 9998 4125 7117 6015 944 3412 3712 1986 225 3071 9093 2268 7947 7629 1528 3163 9788 3188 6338 3172 9832 9427 7784 1003 7988 1745 4944 4063 9920 3563 6769 1533 5557 8067 4685 400 1877 386 5360 4278 2068 7224 912 2805 1936 1853 3822 9613 2277 1327 1112 9802 5000 7532 7122 6496 9321 5784 8716 9269 9052 5502 5935 2138 5839 7459 9566 9507 6610 4126 1396 8505 4332 7502 5539 852 5933 7514 3297 2981 6534 1418 492 5550 279 2701 1375 5224 5857 5474 5882 8385 9356 2228 1998 7371 5477 8639 8 1460 6532 6354 6661 4909 5105 6941 1934 4918 3595 6857 402 8952 3812 1775 2427 1458 2182 5860 3181 2399 6738 6996 365 8476 9475 6801
9290 1432 8938 2084 4180 2481 6401 6276 5806 6789 8443 1590 2598 7346 5241 7737 5250 6226 8594 9539 6060 3173 5686 8640 3574 1205 279 9220 9379 1807 9879 1675 6858 8708 7619 8562 1645 827 9693 6558 9388 6443 4047 4202 8784 3336 4816 1704 7271 2730 9200 9128 7543 6560 5263 934 8218 2982 8102 8895 1463 2455 7759 7377 640 7556 1239 7998 911 2160 5264 9319 8177 5411 1621 6435 1000 9305 7680 3328 4420 1632 7198 831 2660 6016 3893 5899 4794 5974 2146 290 1504 7989 8923 3147 5402 4298 1444 1227 498 8772 224 6360 5041 9054 2368 307 8345 1132 1630 2133 6099 2732 5740 4097 239 3279 1906 1004 8904 2700 9126 2398 6068 3990 3230 6543 9188 5371 8157 2656 8118 5858 3496 2370 4054 399 1838 8994 8868
6022 8380 5867 5966 4584 5901 8427 8345 3017 7971 2591 8103 2212 5665 2220 1162 9068 7884 2658 3388 7437 6644 7361 6986 7757 9873 4444 2287 9762 984 9877 1633 5028 2770 8819 6831 5259 8715 7644 2261 2529 6768 5304 4897 4297 7290 4719 7112 9086 268 5883 3973 8299 6996 8955 49 5291 6585 7780 8097 2555 5557 9788 7636 8313 5531 2780 983 843 8682 6591 791 252 6848 9194 9472 3464 1614 7564 5177 988 5614 5241 1888 1929 2950 5667 4000 1314 3156 7195 9137 1016 1802 2103 9525 9291 4686 6502 2122 2330 7465 4151 1260 3959 8654 5331 5687 2002 2659 8970 2470 509 6667 1293 9538 8920 4565 2687 1429 4601 5702 5314 1588 36 5174 6218 1157 1490 1328 7318 5328 4957 2885 5724 5116 3832 3917 9110 5738 9421 8321 8716 9214 7860 8548 3841 1715 5923 5942 2010 9672 2252 3329 6301 7913 5830 1963 8727 9558 2637 2086 453 1771 1083 876 8030 3704 7417 1208 5369 4748 917 5510 502 4972 3453 9127 3294 23 3922 8583 6738 9282 5475 7831 6808 8769 3804 3167 4348 5717 6440 9570 6306 3386 4699 903 8405 4963 1655 9405 3094 2377 9483 241 1009 1194 4142 3446 7738 8180 2875 1027 112 6521 7828 8047 2609 5707 3580 7 9886 9803 3888 3906 9855 8459 1750 8754 258 1585 7923 1555 2887 6228 2189 2784 4105 2746 4998 7910 9447 842 8973 6209 9284 7491 5472 463 5365 3392 9099 5891 8632 8700 6906 1043 7809 9627 9078 7632 2636 1068 4781 4076 4613 3078 1954 473 4288 1221 1643 1018 1491 336 702 7524 8340 8820 9015 5750 2399 4147 6073
4121 1948 4773 7369 3098 7777 2823 637 2597 4393 1958 6208 6949 1489 6416 8547 8194 2273 8069 4796 4346 1298 8686 7842 8242 4447 5489 9159 8072 1014 8165 6677 93 233 7040 4078 1127 1764 3237 18 4175 6913 9460 2286 5885 395 4180 4087 6433 1520 1750 288 3698 1465 3452 8098 2716 1908 706 6116 1006 4776 3911 1494 8962 4351 3096 9247 6855 4719 4922 6176 4738 7045 5522 1828 2774 5221 2819 622 9765 4911 1517 3751 4114 8595 7702 847 2946 6636 6546 7297 7598 4824 3475 8810 6040 9030 1082 3170 7990 2298 1080 7182 6011 385 8253 3183 9771 1198 8271 2629 1998 8687 2655 6364 7414 859 8937 3414 3189 1251 5677 1607 3097 1430 3537 7060 7395 1991 3645 2000 810 6725 7155 2510 4968 6182 2628 4663 1811 1062 5735 3716 5713 4536 3886 4469 7358 603 5733 4660 2815 1824 6473 9803 4596 5181 406 4489 6887 4702 3785 5159 9261 8075 7998 4975 1685 184 5658 9860 2145 8204 1238 7335 9132 7516 9870 4034 5352 7893 2023 644 6257 5124 6482 4273 8351 8882 4626 1322 8375 3288 2683
600 5476 3175 2838 6793 8908 4561 4438 813 3892 4432 2848 6707 6503 2558 4148 4579 4834 2877 3639 4653 6528 8152 4053 6720 1140 2060 2312 523 7416 761 9127 6050 6959 7333 472 1995 2163 7818 2704 8057 6289 8390 8690 876 3501 5412 5757 8209 2846 6931 5189 6330 7790 3665 1943 2523 7604 5207 3683 3141 2441 8646 4014 8764 8280 1370 671 3288 4226 5570 2717 5247 1897 3591 4342 9742 5157 9056 6167 267 6614 6475 226 8939 5296 9318 1066 3056 8564 4059 6317 1739 5922 2891 7880 634 6610 9877 6226 5233 3754 469 8123 2554 169 6944 4992 7684 9220 5492 7964 1193 2257 4961 6453 2546 9537 6739 7810 660 1685 6539 8580 9738 5571
7862 8938 425 8103 2185 7977 9493 9116 1163 1096 8112 3450 7643 8013 2345 8501 5145 9402 4370 6729 1136 9218 8885 7372 8437 2408 8159 2709 2993 724 222 7496 7003 2595 2823 5497 6943 8341 9096 8999 2220 2988 973 3869 8629 8657 3067 1881 2603 9691 1804 3584 728 2770 3889 3667 4050 4336 8524 8511 6636 7612 9614 2798 4716 4735 6314 3611 7671 1084 2520 959 8145 8997 2233 8302 1733 7167 6877 1678 2828 1230 817 3793 3610 4017 6506 8874 1739 4540 8638 8875 5407 5610 1683 7141 1956 5739 946 921 6396 7408 2934 3785 1340 1161 5461 1218 9294 8160 5428 6541 8312 2269 2098 3701 7669 1923 9899 1534 8021 9923 6331 2262 1885 1587 910 7394 7083 8998 6002 4024 7077 7425 9098 3056 3871 5223 296 9555 1869 4434 1068 5371 2613 2433 1481 1653 1520 4460 8203 9303 9080 4319 3592 3338 1242 1657 9337 4144 3272 2102
4761 4368 6417 832 7066 8352 6829 4 7275 6585 4685 1807 1300 3638 8739 9874 3411 9404 9753 7889 8185 6084 8801 7527 6193 4428 4353 118 9358 1106 7666 5020 1452 7785 9538 3005 252 6612 9320 3960 3563 1351 3870 3403 7076 9258 8500 1936 6530 6106 1105 9390 5292 5506 5646 7930 8992 3558 568 6028 2451 9017 2982 4286 3538 7402 2737 2511 853 7517 8886 2147 6428 8900 197 4722 1121 6744 5381 3867 3312 3668 4161 5472 1575 6979 7357 4471 9361 2841 6815 8971 1453 907 4288 2660 2458 4537 3802 9993 6796 4586 8825 203 2532 7319 6770 3344 4980 9359 5501 5959 8558 6658 5043 9854 7001 1408 1219
4450 998 9034 1752 6274 9633 9902 2291 4452 8309 6733 8039 652 5282 8657 1463 1543 2335 2120 654 4055 942 405 3675 6470 9392 4773 9428 3027 9871 3516 4232 91 3204 6380 6106 7399 3656 5857 9177 1143 8054 4829 4533 9542 1831 2350 568 2299 3418 585 3310 7357 5632 3963 5893 8311 873 167 1223 1095 6156 9754 6445 7042 7466 7614 4027 4048 1783 8923 1187 6409 3398 6752 2733 8316 5627 6774 8616 2712 2114 9776 8442 6031 8291 9746 8492 9216 6022 5335 7305 5630 6762 254 5660 7784 8605 8928 5134 8873 9983 3616 4371 3045 9227 6278 7059 9371 7320 7956 5451
1847 9958 9735 9119 8398 953 9707 8781 8264 9936 4133 1764 3594 4991 6022 9439 8249 1072 485 4218 6995 2685 2486 8296 6194 8607 3310 2640 1721 370 2630 2670 2051 976 5324 3064 3813 4488 3024 4776 8246 6401 3395 7224 847 2257 7398 8086 3023 790 3485 4742 9953 7420 5494 6440 136 184 2887 6226 282 3135 110 9749 5189 9038 2458 6571 819 3076 9912 4004 5136 5842 2625 2348 3193 9034 5914 3567 5739 4294 2425 1074 3191 2838 4807 3056 9253 7346 1870 4386 9286 2100 5819 4931 7423 6450 3405 5734 7342 8817 463 6217 494 4647 7790 9358 8149 2733 6451 6835 1195 2039 308 2787 1510 8994 3437 7010 5340 4113 5940 7324 8558 8205 8644 2585 3318 3477 9492 441 8570 4530 2065 4600 3715 7349 8546 4960 8965 9535 1734 8019 7918 1186 6099 6991 4424 3353 747 4510 89 4535 9884 732 9879 4296 9644 4366 9562 82 5679 3669 4111 3157 5018 7232 5332 8595 7989 4867 7569 8632 6420 338 8305 7982 6729 7458 317 8833 2434 3947 3507 1397 8267 2387 2111 2226 7312 7742 6261 5148 6467 4168 4050 8047 306 3785 1340 6098 3881 2596 1945 5688 4129 8916 3436 4939 2503 7793 3588 3689 5822 4265 3162 8680 3470 1730 3772 2612 8356 8534 8841 7907 5383 1726 4422 3497 5492 5504 366 1087 8325 5834 94 962 7660 8336 2233 2546 3077 5379 8940 6637 7105 2905 3746 4900 2159 1316 5449 299 7941 5110 7103 8013 1403 3927 4359 986 4031 6641 6992 1279 7565 3189 1485 6746 2071 1913 7944 2892 5427 2261 2880 1521 3280 5725 7903 906 8578 4379 8343
4269 8382 4086 4415 4221 9242 1698 2934 3262 4663 4295 2996 7816 4585 6017 6040 6167 415 8170 4897 2284 3749 1679 570 9573 2843 9948 8394 4476 5728 6210 289 1765 5596 6878 6109 3148 1896 8740 2178 1456 6402 155 1703 2175 7108 7404 1677 2930 7499 9767 9359 962 3292 4589 816 7160 9614 1574 8055 5671 6529 6704 1018 6784 1869 14 6935 5662 6293 4538 981 1246 4412 9440 1474 7865 2320 1213 9069 2511 9760 8679 3194 3257 3461 3106 3606 2263 3513 4139 3652 1403 5600 7970 8342 5830 9419 2851 8074 7191 4248 1770 682 41 4451 439 9829 4444 9179 8248 3419 2146 4018 4865 4603 5769 1273 6872 6606 6540 3414 5683 6499 116 3171 9247 8391 1889 7987 3377 8577 9205 8375 1751 9293 6863 6771 4321 1292 5541 2591 1580 6825 8333 6842 9592 234 6080 6344 7079 9034 8141 9279 1028 9801 4016 2623 7802 831 9527 6101 83 7847 3495 3269 1257 663 4037 8436 8385 3590 7603 8716 3693 8584 4093 6983 5771 247 8910 3999 3228 7468 2519 2397 9989 3534 5152 470 5312 7084 8798 4518 9481 6443 6831 4076 4245 6099 242 826 9365 5465 1162 7604 2243 2532 3984 2529 9493 1670 4485 5638 6401 1758 6365 8365 250 5783 4090 6971 5747 4231 1573 1360 3203 8949 5056 530 5363 2462 5413 9764 2402 7902 171 5954 7353 8166 1531 8717 210 5620 775 7503 5847 9777 3443 5302 8437 2214 4099 8765 3714 9780 2679
4473 7873 9130 6319 618 4241 9640 530 6598 9262 6145 7543 1599 1017 3719 7537 1046 473 5247 6882 8507 8910 5204 8936 4135 2283 2631 8403 9490 9002 4929 2098 2706 6814 9287 25 3923 5084 9538 2598 9684 6613 6940 8785 5838 8738 4257 2525 173 6863 6631 5285 9721 7200 2337 8074 5417 1131 7675 1520 2295 3425 6733 6897 717 7516 4872 2520 9241 9979 6507 2834 1045 4195 4841 7954 3523 5030 5995 9764 9615 7818 6486 9307 8118 7356 3793 9526 4863 1791 4506 5608 6488 7600 7072 7347 6586 9787 3429 2818 7720 2171 7690 832 6181 5651 8935 463 9629 9187 2194 8748 8760 7538 4699 3967 2693 5364 1231 1968 5783 5158 3505 2023 3833 2876 52 4327 9473 9831 8060 8153 5016 3621 6775 698 576 5762 2156 6098 4684 4282 1412 5101 7848 7997 8026 5667 754 775 5897 7774 4738 9843 5182 5908 5886 2753 3673 2304 4528 9244 7174 3033 1000 8264 9127 5586 4527 4170 7981 3090 1095 8182 3904 728 2689 2982 2005 5281 9311 6016 691 6206 4461 5110 5474 9616 7691 8500 4633 2586 9167 9114 411 2503 4928 8466 4115 6954 1313 1547 999 5459 185 231 3248 476 234 2143 8125 125 5212 367 4887 8658 3128 3192 6379 4106 1528 16 9813 4117 992 8703 2402 6499 7407 1068 3073 8750 90 8664 9091 5131
3628 1020 8296 3386 6451 9773 615 800 6227 4983 7678 9216 2200 389 7555 2058 9548 1415 3677 5947 4712 129 2804 9919 8814 3135 1249 3730 601 6166 8231 1976 8506 6641 4334 412 7973 1624 6363 4582 1220 4438 865 3675 5998 7364 3600 6400 7925 3000 1373 3955 1639 9344 6811 436 8793 8339 2868 4627 3956 3231 6730 7094 9035 4333 6014 5532 655 1623 3017 5434 5467 6716 709 8313 3475 9336 4904 7123 1704 9691 1377 8874 5854 981 6614 6823 2929 8567 1234 9664 97 4557 2000 7415 3333 7183 2973 8036 4822 829 7787 8047 8706 9161 3831 9537 5200 6701 4481 2527 1343 6345 2397 5210 8821 143 8638 233 6208 9291 428 7621 7813 8769 4576 5520 7119 1410 2263 1463 8177 4653 4586 5119 6775 4001 8027 2187 2251 7298 1895 9213 6919 3258 5721 1453 5373 2271 6621 9896 1914 2793 5979 1167 5291 6376 37 5868 5461 8672 2004 5620 6545 8471 4700 8678 6606 3766 9923 9590 5744 5836 6766 2313 3829 9063 9176 6593 4980 1073 3524 2093 905 4400 7622 9570 7518 4806 1230 1032 2507 1335 8789 1290 4649 3032 73 7567 3124 2059 3102 8689 3224 3527 546 3906 4685 5312 5453 668 1201 2315 5680 5944 1218 177 8286 6943 1535 4471 7888 8815 2749 1026 3202 3438 5323 1853 1591 2454 9350 9520 9515 6983 3100 3803 9181 9436 5715 6561 5916 2905 8806 9555 406 3179 3702 7047 8786 1238 9390 3418 9195 4648 8100 6106 1814 8462 9226 8728 1219 4153 5865 1397 2116 4101 7461 3477 4182 3505 6348 5789 9563 159
4827 7675 7821 9746 1765 6820 8598 1570 6537 2415 9758 7656 6294 8147 585 5058 6791 7607 2971 2164 4035 2837 5740 6504 5694 7943 5865 5029 7222 5693 3541 5305 5998 6678 7284 3864 9221 8130 9668 9552 9901 6205 8951 6326 6835 3098 9157 1456 3750 1270 3736 4953 1515 3191 3067 2216 1279 3532 3936 5303 7155 1355 9611 7327 2877 7269 1477 886 492 6226 2676 5456 4471 735 3388 168 6493 3712 9063 8378 9365 3693 5537 5318 652 6262 869 7949 68 3292 5509 3937 7825 2387 8684 6265 8334 1391 9481 6511 5274 8916 5548 4792 9956 1373 6380 9644 3843 3491 8742 6784 3407 5007 2278 4431 2544 9289 560 7980 792 9695 7362 7002 8078 3649 399 2337 9084 6347 2469 3231 4107 7087 9825 1942 2890 1205 6131 6920 8263 2857 589 3440 9739 4489 8697 903 2318 4263 3796 5390 8123 2560 3477 3380 7715 8062 6278 5113 9259 6007 2787 158 900 7620 5724 5501 2461 4380 6473 2502 4619 8918 1877 2822 2915 6850 5920 4130 8325 532 9729 1250 1474 4974 1486 8727 4717 8488 7139 2483 208 8662 814 1655 8913 8208 89 4026 7409 8460 5203 2254 9798 6017 4239 5974 9747 1814 6600 3507 2500 4675 3632 6899 5231 12 9584 6271 3581 2365 4066 5442 348 6725 5919 7160 8274 3790 173 5051 8639 6996 5698 4815 2865 5124 4120 454 3903 9097 7311 106 8211 4424 1289 453 7508 4331 6420 7723 3694 5418 6488 9516 115 6137 9555
7520 6037 9379 5395 3772 6372 3848 1895 1944 9701 2316 1371 1479 6521 4226 8607 4120 6910 4756 6510 6390 6728 5551 1453 9209 3880 3291 9700 3802 1261 6399 7016 1693 2408 5024 8538 6715 2358 3761 7244 8857 8824 8294 8168 2507 2594 8801 9711 143 5376 3604 6571 8416 5330 8774 5082 3777 358 4803 7737 1872 8635 6464 8301 8814 7655 555 1260 5848 283 4774 2711 8223 2722 119 4748 1929 1798 9996 2860 2037 9188 6916 9752 2097 9850 7062 7779 7384 9978 1493 6721 5909 2096 4218 7970 1844 6899 8641 4020 9518 8573 1796 6394 8300 8277 2019 1401 386 60 6483 4161 1274 1851 7677 3868 4244 4030 709 2320 7560 6397 609 8630 4684 3997
2720 1827 5064 834 4147 12 8065 1588 6541 5358 5740 474 7106 929 6079 2060 8904 7944 6513 1774 9260 3153 6879 4257 7480 7397 9503 754 8431 6827 9952 8709 5126 4000 3446 621 9520 3346 1509 8579 9730 7969 6450 9672 2947 8265 5519 5347 1701 2701 8541 5070 8813 9302 4066 6233 5341 8849 5172 8160 4676 4235 594 1188 895 9551 9966 946 6731 712 3495 7103 5085 2677 6622 3538 7242 2543 514 7167 2981 249 9616 2250 2370 8874 5026 4827 9756 723 1328 2905 6323 4385 8368 6414 9462 4865 5373 149 6245 1398 5390 3 7458 1345 1481 7567 3543 1244 8335 6676 1706 5121 1071 1321 3080 7209 9806 7603 2679 1785 7954 9696 1251 5963 4003 181 2989 1734 7305 1272 1882 9465 8267 756 2236 8502 6296 1123 1081 3596 7092 5419 981 4131 2102 1889 5806 9037 4473 4339 7094 4999 9173
4775 7779 6031 6746 25 8127 8188 7975 247 8152 9769 1013 588 8150 7509 1549 9592 5596 7122 8409 80 9100 3411 4556 258 3483 1475 3746 8271 6860 9501 3519 9433 9662 7440 9855 1353 3648 9804
5041 1845 9393 5572 1216 72 1492 4268 8814 4417 6865 7462 6810 6698 1249 7836 38 3587 3131 6097 2654 702 2393 9921 8711 8252 8236 5436 9691 4950 8981 9088 445 3029 6689 2639 9857 5202 8338 9827 2470 2996 1617 2979 582 1203 1149 7223 8500 3129 1614 9841 8469 4083 4953 160 3728 1719 9519 400 8182 5931 7550 4079 2328 3291 2918 7569 2307 8412 5415 5475 9110 6871 777 998 7693 7683 7326 4841 5969 8975 2685 7239 8329 5132 7999 5511 6867 2709 3459 8967 4568 2146 2123 1638 1806 8447 2133 7201 3469 272 4202 8380 9493 2728 6137 8038 9315 449 3799 8902 2634 8373 2415 3834 4653 2389 6874 6662 3058 584 2277 6319 4040 9535 1355 909 8097 5433 8601 9462 4698 5130 638 5666 9424 4602 544 4427 7631 9339 2063 4188 7848 6864 6262 6040 390 8894 9959 2130 65 7472 5260 2676 2273 4295 6325 6639 7818 7573 6686 7505 1973 2824 9958 8666 926 8276 9168 7315 8740 726 9934 2908 3656 2652 4348 6390 4801 9948 6073 4155 9835 2977 8750 8444 1569 8559 8087 7516 8631 8640 2141 370 7122 350 538 9710 9633
77 9164 6635 6743 9984 6620 6805 7536 5900 6855 2826 869 688 8876 9797 6661 1715 6126 2773 8334 147 1799 2986 842 1674 8099 3755 9720 372 8841 960 4677 1022 7787 7478 885 5159 697 7537 7360 5029 1278 195 256 1310 6290 8971 7950 2467 9497 9206 5782 616 591 2008 6014 5568 3157 1855 5566 9425 9003 3984 4279 2322 9931 4571 5880 5458 2627 3834 6252 461 3651 5573 9823 1054 3843 7845 3056 8350 2357 2208 5519 3024 622 2036 7519 7276 4189 6345 8787 5380 3518 3579 9119 2102 9490 8051 7425 6110 5492 2569 4130 7762 8968 3425 2984 1476 3474 1576 8070 1222 2591 2718 8570 603 1013 4752 7103 6622 1728 7203 9502 1144 2717 3352 7561 7944 5046 80 5817 1677 3335 3197 6388 2148 9103 6235 1358 483 1772 4799 8990 2023 9992 9949 4758 6056 8926 8807 1900 6585 5558 7244 7739 9917 7846 6012 4418 858 8572 3083 5717 4498 7922 9952 1138 9193 7578 3192 3671 8273 934 7278 5692 627 9452 665 9271 3043 4772 9090 6015 2271 857 7774 4538 6119 4999 6532 5010 4874 4092 1181 383 5542 4277 7311 4295 4523 3617 2755 7664 3050 9728 6155 2085 3573 786 3514 8738 175 8640 6053 4010 1506 9623 4487 386 6800 4263 6339 1699 2088 3803 4890 2408 6072 5765 833 3210 7949 4950 1431 6660 7396 1149 8765 9726 3450 4430 6757 9849 2204 198 7031 9880 3887 3686 4168 6619 8824 5502 2884 6275 9656 1974 9942 5307 7769 3393 4093 5144 9457 8028 7242 1560 874 6900 7757 1129 7494 9962 3523 5088 959 6617 280 4147 2916 183 5418 9359 8052 1850 2989 176 513 4167 2228 4023 5005 3400
3070 8900 2906 5283 7837 4867 610 7972 3398 4079 2840 6413 212 1240 9851 753 9161 3506 5917 4627 1985 9589 8738 2382 4447 9893 6967 4698 9468 3179 4014 6137 2228 4154 5332 9854 6778 5763 9976 3079 3779 508 3734 3519 1409 6130 4773 5276 5184 9925 8750 3394 7162 804 3886 4497 3558 3598 5098 7801 9318 9712 6043 6960 7674 928 2794 9574 4429 4203 6219 1460 5672 2085 9169 6058 643 8515 5815 3639 4088 3292 9602 3754 303 7607 6946 4518 3503 7797 3424 8520 2915 4986 4350 4999 4696 4724 136 9075 5037 1991 764 9774 6712 976 9325 1711 2967 558 9548 8607 9438 8531 1250 9945 6811 7788 331 3097 8325 2121 3990 8774 9022 7111 1544 4257 7702 7103 4098 1654 3892 4396 5496 6556 6273 4977 1361 4881 7274 184 1420 7128 9538 7220 3069 984 4332 8211 6388 3307 9691 5493 9811 1017 1244 7329 9346 6907 1630 363 2609 7150 9271 4013 120 2532 1856 3711 4612 3367 4979 5989 7619 2027 9756 1390 7916 5399 5864 6385 4843 7558 2637 9198 8889 1214 1318 285 5180 475 4162 4904 5036 6665 129 7233 6103
1496 330 2794 4325 9112 6258 216 9404 6586 3373 607 4700 5404 2819 9537 9649 1486 7896 6209 8494 9993 1172 6874 5710 9118 7056 4722 2095 8513 5463 1517 9075 1342 7049 6547 3114 3618 4658 1236 5633 7118 7239 104 4783 3385 3403 7225 7710 8726 4397 5989 2550 4348 3904 4487 461 2684 1931 4789 5782 8651 2531 2514 781 3313 1125 8273 9753 803 9305 4460 9639 885 9760 8199 3133 6911 6796 532 7487 7515 9518 7221 658 5267 5952 6469 2271 4906 6467 4078 6416 1436 1860 5284 5839 4114 471 9200 3733 3969 9094 581 3015 8266 2626 9314 4310 6044 3883 8790 2515 6500 208 491 6647 9752 3324 6181 2840 1861 8380 2495 4619 861 5003 3501 6061 7666 6968 7730 7268 8922 9371 2490 9889 2654 7605 353 9272 1189 4270 2005 1786 2955 6952 1279 1940 3720 5723 9323 5932 586 1102 6921 4060 4896 6293 2438 7908 6256 7698 2384 6411 6920 9506 3886 1545 1474 5867 308 3623 5037 3627 1791 1233 2989 4650 8975 8744 393 9622 3526 5914 9663 5905 640 387 4773 9990 6851 2860 4784 47 3289 6759 4642 3823 7471 2637 7942 6397 6489 7175 8555 9952 118 1118 7344 763 4241 6407 1027 5054 9159 1805 8231 1852 3002 6821 94 5185 1299 5946 7506 5025 1154 7688 3195 9915 3060 4909 6351 6150 2021 2174 6543 7060 9552 4953 6231 1869 9611 6741 2510 6170
3742 4315 5221 3243 2081 9297 3289 812 876 655 8390 7667 1888 3834 1110 4459 7342 5586 4810 3473 5543 9304 329 3323 5158 425 7876 1229 7231 3165 6589 3606 6652 5010 456 6917 3041 2528 6011 3349 8877 7630 5925 5782 4157 5768 8482 6686 8681 8928 9181 1284 4378 933 3814 4931 9366 9305 8075 4310 12 9465 1525 9970 9336 8486 195 5357 5397 6669 7568 943 3582 5817 6931 6390 692 345 3216 5574 1349 1890 5892 9205 909 499 8731 789 2717 8500 104
8752 4995 839 3362 7443 1278 5668 3761 1517 6506 1202 3997 2679 192 7827 5045 2010 6345 3835 4334 7009 5777 168 3229 4613 2177 6085 9078 9294 587 9924 8634 953 4722 9703 1634 3094 1317 1831 39 2054 9644 5066 5349 6592 5744 8845 3819 7744 2801 9341 830 3428 6909 9686 5253 5169 8910 4580 8287 3794 5201 5700 9423 4320 3446 9861 4271 3739 2508 7940 7348 772 3192 510 3629 669 527 8636 4515 4904 6975 4121 9589 1262 3154 8832 9534 3463 1044 7737 6668 290 5033 5056 7447 4999 3483 6722 8353 9952 6386 8587 2766 4821 2053 2900 1401 3653 4926 3567 6481 2282 3415 334 9554 8661 6969 8508 5608 7961 1666 2760 8032 5920 8602 1740 3577 2019 9907 6857 3633 6411 6069 2251 5493 1316 4976 9902 9921 7841 3070 6187 9719 8682 9132 2514 1346 6093 9947 1516 3072 3832 6674 9321 2084 3468 3848
661 1765 7428 2683 7781 8151 8995 9551 8416 7460 1439 7655 5048 4880 4970 2961 8578 7873 3284 7660 1157 8030 8617 2691 4156 3507 8826 6083 4086 8948 2157 9765 929 5706 5225 1033 4736 6764 1500 2862 6495 4261 9026 7731 681 458 5985 7220 2569 9822 5803 9951 3304 5243 6889 2091 2022 5045 2696 1567 5015 2369 6756 1929 3403 3247 2917 7810 4564 2167 4250 7301 4461 8147 8048 3033 5844 648 186 2468 19 3600 6850 5543 6972 3296 7 322 1809 4717 5476 3137 8510 4727 5141 3852 572 7405 7640 2731 9062 156 491 2386 1131 2182 1275 5184 8457 7421 3005 9691 2860 7045 1045 8575 2398 9309 7346 7684 948 4582 6073 9467 9616 3073 1451 5484 7607 1146 9694 8224 9895 5598 4405 4867 385 5621 5150 110 8419 4317 4158 3188 1004 1462 6056 7390 6316 1844 6291 6963 3038 12 960 215 699 1558 1904 607 2418 1908 4777 1002 8853 9465 7331 131 7095 1934 7723 2260 8227 9868 9785 8805 253 1986 3219 6948 7851 8593 7945 5452 7142 2285 9577 6259 3168 8873 2771 8162 5993 655 2893 2124 1995 4805 2179 7369 4811 4667 2280 5186 9303 987 2718 335 9852 405 5180 6464 8267 664 892 8454 7375 9863 222 2929 9524 2808 9150 563 2757 2664 116 5155 4662 4905 9624 1284
5858 5001 3643 306 5897 558 572 7101 1392 3291 9755 3137 270 4133 748 9893 5103 1535 4324 2348 1458 4900 1969 7626 2974 1896 9371 9861 920 7449 9064 5095 6066 90 4557 857 5629 224 7793 9701 295 7486 1867 8526 1291 7344 897 1396 5759 833 1477 3665 1834 3675 4536 7716 1140 3841 7923 8538 1098 6337 9905 5265 8669 1275 6436 2300 7286 6884 2534 9765 983 3898 8797 9516 8992 5621 605 5448 9355 4991 2349 3522 506 2854 7419 2781 9672 387 5635 7281 9955 8021 8412 6388 5521 7342 1448 1792 5578 5258 7337 8656 4186 6917 671 2003 6489 5546 5561 5884 9493 2533 7595 1649 3905 7 5438 5146 5562 5758 2848 7366 9151 3495 5730 6189 7680 7742 8570 1916 4981 4079 7961 9763 6442 4652 4120 4725 917 5409 3223 4328 1244 7292 8607 1802 5210 985 8655 3798 6563 3797 1811 4453 9509 9274 2036 5914 3982 5275 3879 2181 5340 8299 3035 8585 1267 5681 3736 9944 2232 3376 9208 2230 554 8817 5627 633 7269 6300 2188 1351 7389 8876 9918 4678 3377 4335 2748 5218 6756 770 69 6869 2397 3842
8617 7633 6484 4169 5201 5591 7496 9015 7217 9711 8353 1922 5787 3151 7554 7796 6966 4820 3856 4148 8847 3971 3808 3977 2914 5821 683 4167 207 3185 4427 7643 8704 7011 1625 6773 2057 5605 9785 8260 8900 114 5413 1276 2291 4378 4933 6197 9345 2207 1960 2298 8339 4602 4852 9476 8249 9408 7499 1174 2020 2029 540 176 6048 3704 6183 3409 9762 7946 3993 2684 378 8607 8145 8069 4733 7115 3268 4161 4115 3698 6315 6011 7265 9011 7956 9467 4419 318 4726 3727 4315 5113 8254 7221 8473 809 6731 4739 3283 8392 95 6929 5321 1860 2667 3444 586 319 8418 3607 8160 8085 4782 1264 3194 5420 6564 3799 1300 6452 7541 8920 5414 6301 7995 9100 8446 6757 3323 3659 5868 6108 5330 4641 168 6750 1551 4330 4494 7105 287 1661 1888 7089 7160 286 4618 2849 2301 1950 2415 5894 3552 5683 3611 5351 7446 732 4813 5244 9893 2814 6655 8409 6328 5182 8993 4776 7855 4616 9372 7241 6097 5962 6651 9004 243 2018 5240 2846 2634 7510 6653 2647 9278 6744 8229 4056 5520 6691 223 8928 1432 3127 8129 2523 566 9519 7332 6496 5792 7880 5558 1463 7637 3008 4829 8710 7459 9313 8493 1789 2782 2178 3688 2803 9904 7913 5037 1452 9012 709 421 7940 1094 9000 3461 8529 7917 7500 8251 3927 6007 2275 8317 7388 6877 7870 8823 1983 6473 4090 7711 8878 8451 13 9389 5125 8929 3512 7923 8459 9596 8864 5260 6353 323 6870 1136 4176 8119 254 9527 8188 5513 2847 4597 4433 2000 3981 3258 6230 5718 2244 5738 7250 5453 3578 1149 7295 9599 6076 6516 4678 3891 564 4068 3643 182 9140 5366 4511 5817 6984 1948 964
4756 576 1362 8378 8012 523 9446 7080 3895 3795 624 1551 9300 5094 1121 9562 9298 3394 5114 2115 52 8985 3695 220 9702 9708 5545 5455 7541 1082 7506 9565 7199 562 9936 6744 1253 6725 8478 8435 2884 1859 9433 178 5445 4747 8418 1802 7962 3182 8284 668 2698 820 6567 9613 1601 3813 8557 9682 9817 7784 7986 8091 6556 3864 1452 3170 6683 4734 7361 7669 7947 3736 112 2041 438 7774 7000 8768 7825 6674 7133 5563 7402 2940 8782 6544 5625 9359 6585 4189 2882 8175 8897
9929 5155 4528 718 2466 1001 1419 8475 7240 3442 3181 2448 9470 2691 6864 1627 3817 6558 1473 7531
7915 3648 1270 8518 7871 3315 3849 2281 892 5881 396 4968 1548 8831 4948 2770 4471 562 1108 6898 5037 9134 3354
2909 4335 6322 3208 8800 3724 2723 8233 9321 2014 9139 466 7581 4144 6010 7635 1637 317 3703 6235 6302 1464 6193 8128 5690 3135 8471 2365 365 4968 2252 8250 2962 4022 3713 966 1901 7636 9946 3398 9697 1601 5118 348 6941 3662 8140 8342 610 3492 7639 936 7884 2284 2397 1795 4916 2493 2074 2340 8607 6182 5027 3156 520 2933 7140 4630 8226 1440 9020 2084 474 9500 1397 1646 4194 2992 758 8361
5424 8852 4551 1716 5229 9264 620 2151 5041 4105 6983 4490 8193 2769 9826 3714 395 5683 2230 8530 5403 822 9646 2765 745 1815 8248 2068 7636 1284 6857 2273 8017 2283 139 4375 2803 9948 8269 7163 171 4498 7277 712 8858 4816 4362 8676 8751 7717 5644 197 5275 5317 465 8661 3888 8082 7398 1355 5108 3032 1539 3758 5082 3077 5452 6049 4873 8981 3766 3909 4270 4796 6060 9530 8348 8940 4676 8091 2431 2601 5863 1505 4380 8394 8766 9867 4666 7023 7319 8436 6921 8723 8867 3429 806 3442 4240 2947 2455 1162 4934 9063 945 839 3830 2193 1624 4179 7448 7693 2002 5379 5036 8659 6188 6577 9048 2033 3526 6074 9053 5807 4626 7276 284 3536 7873 6222 6513 4589 9121 7865 9778 1279 9285 4011 6933 5693 4033 3375 2691 2318 8508 9360 5332 7214 9628 6486 3218 9516 1765 9359 2502 2783 7607 8086 1237 3050 4420 667 5134 2479 7759 5196 8003 910 3086 4917 8280 7631 5674 9541
9498 1877 7229 9275 9111 307 4612 1113 7576 6570 2595 7163 7919 6397 5051 8580 3620 2612 396 3909 1273 3525 3411 4454 7684 328 8275 4218 7015 7525 9348 2619 6175 534 8366 750 1421 2157 9868 7100 5364 5271 8508 9546 9045 1519 9701 9699 741 6130 8248 5288 6357 5259 125 1532 3708 2165 1611 3260 5649 8727 514 999 3744 1045 5852 5302 8644 5894 2735 6385 3403 6561 567 7489 2401 1962 6487 890 1333 5777 6127 6442 8484 6528 8413 4864 432 3764 2611 2232 7371 7134 862 7624 5095 5220 8251 975 1960 7066 4564 9239 7255 8121 9168 3499 6936 6287 6737 9741 5686 2869 5096 6989 6381 7952 4008 7079 8354 2641 5637 8907 9094 7642 96 8525 1767 8118 5344 330 3457 8583 3905 7551 7686 4155 3356 8841 5253 8171 3078 6623 1702 2659 2020 6312 8252 1475 9740 3404 5229 6146 2759 468 4552 3932 4868 2013 5822 6038 8404 5928 9288 5170 9723 6840 7259 946 5102 9300 2374 1771 9702 8279 1873 3181 8327 5674 2926 4295 888 823 8853 4288 5089 5895 6787 395 4776 8173 9039 5092 2524 1160 5486 67 4771 1879 7861 9626 7975 3632 1504 7041 7402 2433 4026 6279 6583 7676 466 6422 8805 1340 4143 8921 9663 3683 3280 3208 1470 7746 1345 5208 3096 9425 8400 619 6468 2112 767 6081 6982 7655 8520 1434 9120 8888 872 6655 801 5776 6857 2430 8313 3229
8333 499 3685 2515 1871 4912 9959 9062 5195 4261 5312 7615 7588 7592 2136 9322 883 9619 8057 2528 5648 1318 869 2567 9875 1529 72 8485 4200 7115 6230 8731 9954 9907 2684 9936 3024 9548 7024 4103 4284 7693 2260 2372 317 1426 2308 2631 7613 2765 3879 9127 1446 2646 9515 6957 5383 1965 4721 9968 8453 6959 2983 1832 9419 3516 1574 9012 9568 6211 8065 5957 4770 6763 2234 318 5352 4548 5243 4508 3953 8458 593 9582 968 867 7200 4686 8843 4704 9368 857 4670 8854 4530 4889 6748 6757 5778 1131 5971 4525 2280 6304 3458 1681 6253 411 4752 1414 3091 3926 1957 2414 9529 1554 5719 7776 2433 5604 3636 7382 633 1159 4273 8171 6845 815 4 1857 9518 2484 6037 7323 7682 2652 3104 1689 7885 2298 6547 9881 6886 6896 6880 8026 2398 7870 4324 6071 5897 4505 7069 3192 8477 1847 7774 7637 8716 4652 6617 3455 1415 4486 5941 2102 2211 9074 4203 9018 1802 3438 8073 8814 3394 1991 2533 4978 4926 1342 3246 6007 3585 7827 4813 8578 1000 8297 1872 5356 6325 296 8981 560 9215 6372 3979 9952 2595 3760 3067 7501 3415 8566 3927 6665 6280 6210 236 8472 6859 3728 8965 5491 1344 1949 5376 4409 1612 8078 7844 4942 973 5633 9988 7465 9646 8326 2952 7984 532 840 5889 3990 6041 7065 6737 8850 6785 7691 4292 6661 8304 2898 2020 1074 5203 7372 2295 7464 8562 7492 6500 659 430 458 3876 8567 6824 6546 1668 4146 9786 1663 7467 2205 1507 45 9678 177 9995 9086 7175 8525 4459 474 4259 5261 3825 1544 2480 1703 987 3476 6767 5419 2046 7441 1182 3993 2709
1217 3784 7615 8032 8828 3959 2623 8701 9401 7265 9331 9839 4997 5502 2540 9212 1539 1133 2338 8299 4186 6363 1374 5723 6137 8315 9248 9176 9984 652 6197 6213 5622 2745 1718 9333 3633 4847 4453 6010 3653 5549 2466 70 6716 5051 7104 9400 8910 8246 4338 108 6535 9707 9180 2553 743 8010 8514 5091 8781 6162 4594 708 4721 8220 7946 6034 8053 6815 9242 7590 6005 427 1807 7515 2567 2602 6746 5140 3160 380 1655 5392 6965 1009 3719 8630 9508 5959 3242 2229 9154 2703 6181 5813 5970 8491 9403 877 4608 7950 7439 8145 9962 203 3612 8987 2570 6459 5697 2638 7554 7650 6458 4791 8001 8356 159 5334 5805 7795 9795 7836 3777 218 2686 8714 6904 6278 5988 704 6606 6963 2270 8679 1216 9916 1590 3201 1832 9019 2736 7928 6174 9244 7157 1780 2293 2749 8434 7553 6095 7607 6123 3282 7763 6032 564 3158 796 7900 7606 4622 270 9650 1067 6077 1082 817 3106 78 3078 7096 2451 5694 8205 9128 1015 8916 3462 9832 8550 2254 5245 9640 2836 7848 1864 7813 6619 1729 201 189 9730 9784 6584 8794 3539 7207 3881 6990 7218 5436 3340 7341 2903 2421 8938 6532 6863 5699 4485 7690 9806 1286 502 2313 3083 9279 4886 2418 6589 3999 7123 2058 9158 9575 8751 5075 3143 7689 5186 3792 5330 4120 4156 644 1804 1073 4611 3350
3149 9596 9130 8064 8847 6440 7502 8 3652 1698 815 5767 5104 5302 5912 8333 5668 4390 8283 3932 5298 9471 6411 553 810 4898 7430 4994 6596 332 5914 9949 4972 3113 3418 3453 5845 178 9868 926 4161 7402 4106 1384 7398 1356 619 1183 5461 3730 693 1508 4356 7957 9520 8671 1194 8667 9837 6260 8991 4138 7 9751 6566 3759 5299 1964 9000 1126 4189 5926 9345 8854 5485 8085 3961 4457 7413 5719 3821 1632 536 3138 6826 3654 9504 5620 1712 3090 5950 4176 8568 9979 4257 3050 8133 3624 5709 9090 1843 2139 5750 8532 8727 9794 6676 8186 1547 2111 2460 3258 350 9023 3862 2983 41 8169 6275 9042 9015 8680 7812 5929 984 9178 8370 318 6832 1504 9773 4304 4848 3628 9956 3089 8794 2844 5254 564 1615 6913 8479 1545 44 2997 1491 7183 2653 5968 1211 186 6905 6604 7973 5053 4553 8214 1094 2515 3538 2596 6721 7613 244 5564 6720 9581 3054 5226 5297 615 1402 2684 6856 9078 8930 5101 4866 5676 1595 1593 3577 4343 2714 9201 5349 1104 7498 1763 6147 6663 5663 15 876 2463 7067 6400 437 5166 5698 1179 7629 1142
5297 5833 7781 4746 3057 8964 2976 6953 766 693 8742 8319 2844 2263 1083 1616 2402 109 7326 1245 3331 9394 9090 2425 9715 4674 5605 7182 8412 1746 4805 9309 4387 5575 7484 1062 2391 8571 1338 3717 3272 2035 8619 1223 2613 7731 9515 5647 4087 2512 1681 4590 2066 174 407 4374 8067 6745 2426 5742 2884 6024 6337 5541 6943 3948 3724 3982 3472 4420 7604 9422 2257 1884 5461 9535 9874 6921 3213 896 4996 1935 4882 3487 735 3341 9412 279 9390 780 9686 3045 6961 7187 5786 3704 8821 2890 3958 7440 306 6462 2415 9486 153 4129 5023 3511 5379 2642 1603 2640 9733 4827 394 8930 2850 601 7382 3978 6407 7140 7744 873 2024 5068 6399 3205 187 2623 9672 2046 4754 3725 6894 1271 4533 8990 2979 8418 6840 7975 500 7509 590 2288 7598 8835 2624 2987 5357 6896 4964 4225 2097 4 3400 1116 9811 9209 3344 2296 1855 1456 9334 7771 8313 7086 8101 3594 6648 1285 8140 6091 1752 6250 4831 6962 886 5507 3670 6246 6598 7342 1844
5337 8684 9558 1688 2079 3989 3102 210 1179 9161 2220 8977 5806 4612 7654 6441 6468 9665 8646 6008 5920 2359 9301 6573 2755 4169 4437 8850 2116 1213 9962 7854 1097 6550 1512 4626 3448 1504 6264 7842 5510 644 8005 5603 2764 9251 7631 8590 4790 843 3169 2512 8151 7622 6390 3037 9652 4089 1298 6703 4483 9969 6297 1189 1993 5100 4477 9510 1491 4810 4666 2374 4261 792 4860 7602 5194 2307 4703 2145 7899 4498 1603 1573 9648 3018 9641 4928 2183 65 495 3833 2027 809 5620 5501 2894 9754 2976 5697 8937 4536 1588 944 3606 7551 5739 7013 9040 5754 8891 8580 2221 7482 713 7170 3278 2218 7133 9781 5240 7937 8290 5803 9106 8899 8609 12 9026 7759 4115 5760 5641 7157 2356 5406 9772 6101 6269 7681 4270 2717 2126 7802 8997
1024 7467 8272 4754 5313 5297 4178 1594 2989 3251 6456 4585 9641 6748 2164 9124 7240 7961 3717 3261 9257 6731 2577 3048 4101 7262 9030 7451 5076 4526 762 3112 4551 6070 2199 3935 4959 4757 4318 91 4644 5305 7405 2087 7114 6591 6986 3101 8803 4110 820 8097 8594 4640 9246 3405 2875 7256 2027 7487 6055 5800 1109 7847 7348 9886 5935 58 2160 4279 9117 1392 4393 2571 2389 3419 3789 2357 6968 4474 482 1591 8369 7791 4165 3706 5193 6922 7155 268 4015 8793 1404 8536 5470 2213 5310 3749 5291 995 5491 4812 2235 8525 8817 2224 3166 4985 3613 8723 7206 6455 4004 8795 870 1477 1306 5138 9699 1662 1390 2891 5057 3446 2143 7112 921 8362 8142 9383 7488 7148 9462 4375 6168 5495 2024 2897 5986 2048 2334 4263 7524 1958 9344 5237 5412 5683 1075 8728 9779 4884 7278 6781 4543 7077 7868 6866 8212 7752 6700 9170 5659 3869 6403 309 399 8339 6388 2509
6418 7616 7993 2985 7736 263 6774 1748 3235 2061 729 2128 2728 6013 1047 3533 7247 5146 5269 1718 6633 5413 5581 9362 8172 2799 3943 8498 2906 137 1242 2285 7565 6681 3798 7042 960 9390 1029 8618 9969 9518 4131 1700 4458 9377 7221 9037 3812 7674 4437 1051 2150 7152 5519 7537 5560 8731 5587 8699 3241 208 9287 766 3558 3981 8710 2552 8957 8986 2537 5464 7756 1830 3964 6274 1717 6224 7665 9698 626 8403 7439 9760 5219 9805 3661 9225 6915 1049 6340 3959 4061 825 1135 672 5770
5364 2638 1514 9573 812 7929 6229 5004 9775 813 5184 5410 5182 323 1310 103 5826 1031 6933 8277 4456 4521 9155 8289 3106 529 2137 8981 7802 6991 1639 1289 8715 7840 9163 4368 1585 4625 3287 4467 8563 6905 6051 6251 4066 3249 7129 7343 8148 7744 6409 5211 5979 9503 439 2739 9674 335 2076 186 5342 817 1558 2843 7257 8351 9513 8086 7710 4907 4411 550 338 4736 4990 1952 547 4415 6242 6512 1896 8647 343 5955 7712 2035 7231 3363 2487 6523 3931 8829 7680 2498 6437 6249 2831 8595 1996 6196 5189 1951 9879 7807 5734 8746 8053 6861 3606 8678 1654 9215 6255 7046 5343 6472 7292 9945 832 1123 1459 3567 3870 2623 5011 7097 4019 8129 2103 1799 5876 4665 344 5623 6103 8975 2854 2763 7765 4455 8009 1291 4911 3587 1204 3549
5600 2600 7276 4472 5450 9876 6036 7392 6472 9578 48 8349 501 2780 5474 4530 5516 6955 6816 989 8764 3934 4060 4454 8258 4726 7829 9719 6720 623 7428 9914 5988 3979 1636 8575 8207 1693 2396 7168 9858 3081 1165 1245 8245 9121 4262 7971 9653 4722 2166 1669 2562 624 9232 1169 2530 3948 7329 7918 5951 7684 6413 5420 2382 6577 1159 4148 6118 600 4970 2035 2276 56 7755 9110 3320 2423 1283 4011 4276 5966 4746 5826 2083 9398 1501 758 7159 5362 1153 2563 1578 4023 5010 113 7255 1421 7173 26 5936 8018 6035 4317 4194 7147 3244 7161 8130 7954 4310 9344 6944 3852 1211 9814 8814 6108 8889 2374 7685 8044 4360 471 8699 9696 5382 4188 1768 2730 6214 6474 1349 7691 8807 7092 1785 3184 8323 2376 9801 934
5873 532 3672 3994 9977 7510 2034 6589 7845 6484 8103 6974 6285 9084 324 158 2240 4906 7660 993 3482 3639 2017 78 4179 2765 6308 4467 7300 1543 9168 4192 782 2463 3471 1890 5537 201 9549 9869 3092 3342 468 5121 1027 2043 161 3533 9414 6442 69 1346 3610 6515 6106 2403 485 5484 5036 8308 1033 3779 7942 95 5197 4643 8718 6715 1808 8556 8918 3567 1776 20
8859 6528 1194 5145 6406 9170 7299 9064 19 1214 8774 6034 7441 9797 2226 7809 304 6765 9543 4827 6142 1110 282 4789 4372 645 32 3533 8956 2933 107 4293 9080 3134 6441 2309 9955 1723 1397 9084 4588 9512 9061 2227 2708 8318 4601 2270 1346 9341 3753 9019 6580 4737 170 7009 9166 6931 1833 3516 2290 1049 1531 4926 8123 4753 2683 7158 4334 159 6880 1824 5423 5531 6640 3797 2017 3699 7468 8804 5993 4542 1237 3658 5101 6778 5457 4502 5061 5269 7632 2858 4066 353 5612 8150 4859 5377 5114 7418 1274 2353 5190 5663 4381 4520 4761 865 2519 6417 5093 5222 5558 7937 1963 5830 4901 9281 184 106 2927 4224 7821 8921 1434 9838 8136 7888 4593 8294 915 2625 4874 6401 9689 2981 2866 1167 1177 7765 423 1273 3431 2106 3032 6461 7693 6214 7231 3740 6003 9133 5661 5473 7165 9459 6986 7244 5178 2554 1504 9842 6252 5685 7525 4119 2956 5204 7677 1044 2596 5330
98 2504 5053 6199 3579 2878 905 8212 5996 9569 9746 8122 4548 7725 8044 2130 788 5351 7061 7090 7803 5952 1377 1193 9839 3773 4853 1290 7516 3886 1544 8320 5807 2123 7900 6854 8274 5702 7361 2215 8389 9866 1423 7161 2388 3543 2106 3754 7938 8894 2267 7884 9924 8996 2287 7359 9376 3258 771 1853 7393 5402 6065 7689 5485 3611 345 7958 5048 132 5132 6178 9386 5949 2926 9057 4855 4845 3273 8007 4584 4033 8947 9425 6582 1817 6307 5819 5842 5743 8943 9690 5904 1456 3520 5178 6968 6469 9308 6549 7631 3473 8029 4828 9261 342 2889 4710 3887 4612 4985 708 3655 7426 6537 2976 5692 1241 1846 3340 1041 5316 5629 9530 6315 5453 9811 8820 8170 8448 3346 1562 5463 7252 2741 9815 565 2890 1324 6069 6118 9961
1174 5685 2926 8068 6156 5686 2131 5917 6058 7878 6005 6086 2326 162 9827 2054 6176 5906 6464 7223 9855 6753 1721 5248 7241 9153 7415 2759 6960 3442 1737 3498 7381 1587 2075 508 4584 8543 859 5897 3445 169 5213 5955 2291 1278 2400 8155 7459 1152 8401 4471 3539 1292 7820 3185 4702 4359 8942 8470 6546 8503 4583 3416 3482 4366 8309 7015 9523 9777 9336 2543 7950 7991 8726 3886 6023 1914 3678 6677 394 8556 2778 2747 9787 35 5250 8000 6199 7857 1170 5318 7520 8608 2219 6814 9995 4588 3462 3633 3334 2515 2826 5207 4660 8405 724 2240 3759 1311 6623 7160 3176 6423 4920 3150 8257 2503 8404 7574 467 2828 802 5367 1557 4076 3680 9793 7622 6102 9804 2686 7802 2516 797 7271 3815 3510 8140 9963 4711 6738 5954 7905 2625 892 6979 2779 2032 198 9076 283 9798 6511 893 7422 930 6885 4664 5782 7281 5305 7745 8049 6907 6697 7341 3870 305 8636 9487 7717 4848 655 8705 4784 8211 974 272 2978 3741 8954 7277 79 3822 1660 6602 6428 6362 785 2181 697 5500 3779 588 9241 2009 5232 8736 1190 3892 4840 5424 8992 8134 7512 6029 1476 1986 3299 4806 201 3508 304 8507 825 3630 2188 2376 3066 9822 7796 7137 8985 2145 2494 9937 8834 931 2027 7030 9900 3963 2527 8719 8351 9878 6647 8198 7816 1154 1813 3593 8304 7767 1602 9356 6451 819 5458 7048 5155 6279 1428 8112 1175 5857 1916 1494 8642 9709 4284 2052 246 4353 4845 1155 5713 4078 3590 2267 5741 865 1092 4388 3526 598 2784 1634 9066 8864 3040 8111 4107 2345 5283 6903 1996 7246 6618 5251 5303 7759
2494 2147 1050 5761 7254 1911 1714 1903 7800 765 5769 623 2350 3243 74 3623 7863 3693 9373 6303 5381 1410 6284 7070 7793 4300 6612 3378 5238 5460 3148 902 214 122 9430 8692 8117 9976 862 6511 2217 752 6097 7987 5140 6258 2736 7827 8711 9000 2772 5781 9178 5205 91 547 7448 6461 3302 6393 3839 3295
2444 624 3652 8997 4621 2949 7710 7995 5489 1362 2918 771 6995 9366 6760 9118 6428 4745 196 3194 4896 5169 1145 3564 3648 7933 7193 6911 2971 6079 4704 5509 3443 4174 4677 8849 3405 8437 7395 4073 7858 6031 8262 8049 174 6136 5214 3251 2143 2132 4003 9011 8390 6825 9664 7647 3945 8680 297 4727 932 3054 9730 9012 2795 8164 9770 6641 9195 2346 2677 9848 2115 6946 968 4697 8614 1610 2047 6710 6940 5957 9611 6246 5660 4582 3883 1030 4572 6121 6038 4331 5130 4696 6685 1905 5242 6877 3879 7565 6042 9999 694 822 5120 436 395 7694 4070 8126 9597 5559 7496 9961 6903 2191 2495 9272 3833 2106 3600 8307 9561 2783 4151 9221 4650 2654 6431 4209 7663 5780 5296 1817 6538 9610 7159 2453 8261 8355 2504 9630 2001 9475 4268 5042 1965 4820 9268 9266 3357 6906 6785 6255 4412 2268 3085 9729 9437 1454 9509 8070 4654 6180 6060 6365 2931 6072 2496 9155 2934 6460 3302 691 2239 8841 9838 4020 4322 3196 5791 1044 4983 7681 3758 5131 4847 7940 9446 1982 2437 6816 9421 3485 9153 8010 7330 9547 3247 7533 7490 2652 5266 9596 1761 4459 662 7992 8818 6812 3188 1224 648 2471 2571 2809 5763 6945 1601 6430 4339 6355 7298 5672 2896 6410 325 8345 8741
6201 7589 2839 406 2285 8358 5408 8597 7617 3105 6825 201 2422 3998 4539 6842 8222 4305 1189 246 8494 7467 1317 6383 9635 1309 5678 8711 3963 5378 9887 1898 4967 3441 6500 6254 3566 9153 6835 7382 425 9261 2568 8121 5443 3579 7729 4016 5227 900 2141 5813 7489 1357 9927 8334 4457 9659 3016 7347 9056 6131 8884 3561 9036 9536 1659 9828 9205 1970 4804 3568 8275 2327 5621 9150 4442 8700 9428 9448 2004 8841 9405 319 66 3805 1894 4347 9878 7003 1471 498 4413 318 7414 3377 8880 3690 5664 7373 8253 9763 5548 1754 3520 5066 5080 753 5063 699 2823 6742 1583 2865 5728 7313 8019 7626 6961 6438 8390 6595 4697 321 865 733 9759 995 2361 6450 5622 106 388 2918 8364 641 5565 9484 7518 7577 7667 8943 9249 6816 9882 6253 9553 6454 3533 9671 2578 713 9313 1254 2311 6423 3742 1622 5276 8622 2485 6514 1843 7201 2941 8710 831 6651 9288 9681 7220 3614 1841 5313 235 1249 4698 8072 309 4988 6375 6519 7812 9016 4012 9985 7865 6653 2906 6804 8150 230 1937 2822 5854 2358 2194 3100 8362 4087 6276 439 1685 9942 5205 5739 8590 3796 7693 1175 8619 9275 2037 2658 1720 1379 4760 1531 4723 4042 9183 4237 9001 9267 9692 410 398 3120 7479 9003 1134 6802 5198 5236 7464 6336 3728 579 6042 2748 4172 725 8727 5010 6384 7431 910 9598 4341 6590 4531 6533
702 2022 9789 4040 6352 3258 1484 7726 1043 4234 3904 2825 8119 8275 5649 622 5291 6871 6379 5577 9066 2622 2135 8729 8598 5280 8170 1658 8477 1453 5892 9334 4823 7902 1062 7073 6627 3338 3520 3651 3230 6450 1327 5181 8606 1700 8852 551 4145 1085 968 4790 5657 4068 6464 7506 6526 8575 8728 3179 9236 9010 1199 192 1598 2857 8258 4974 5671 1421 7589 4454 8047 2998 2069 7139 7761 2847 4089 4771 1124 4484 7844 7008 9446 3965 230 5036 648 9356 6611 4916 4776 3586 2130 5995 4860 5454 3373 9770 3158 4622 937 43 5761 7856 348 5446 843 7239 9817 4632 3131 7087 363 9749 9513 177 9895 9015 7137 9765 151 8643 1123 356 5160 2987 593 7003 8035 2133 7501 894 3751 899 9625 4107 4380 3100 5752 3036 4620 1275 7692 9636 9192 9401 218 2168 6419 9106 8511 9080 9414 9286 4675 1192 7308 7414 7527 3919 832 3947 3073 7206 167 8089 9649 1408 3723 4707
3335 9734 1130 6463 3029 7274 3407 7376 6534 5299 4788 5408 6999 8088 3815 550 2683 5915 7352 5443 4174 8811 1903 185 5048 8073 3360 180 4147 7612 6031 7912 5905 5218 112 6181 1058 4166 2415 2147 8399 3756 3099 695 9522 721 8444 4872 8994 2133 3680 9399 8620 8915 1079 3961 4528 7055 5336 776 4608 8821 8121 4120 824 5859 9227 4140 919 640 4515 4719 5495 770 8316 2819 7525 2223 1137 3978 9497 131 3213 4292 8120 3145 1837 3129 1033 952 2196 9122 1752 86 7247 31 9140 3809 1057 8111 1548 9235 6251 6900 2990 1283 176
4715 1071 4874 7164 3665 5170 7511 332 6263 8875 7963 4074 3275 5898 3371 9072 7380 7401 4292 8356 7275 3288 9097 3786 5611 6094 1743 2041 7810 6047 241 5540 431 3780 8498 5552 9186 2148 7121 4686 2859 8985 1334 4995 1611 556 4636 2797 2187 304 5873 8207 9286 4936 3595 7116 1773 1153 2776 9496 6933 2205 5217 7453 2458 3201 9500 3362 4390 5397 8631 3175 6358 496 472 7564 9410 835 3105 944 1861 6050 250 4801 8296 8309 699 3433 2795 2323 7938 9292 1172 1001 6387 7012 4937 2560 2259 7582 1831 6982 4828 5687 9329 2382 7334 4439 1795 7791 7960 8066 8976 4207 5175 8470 8610 7515 3337 8094 4786 9740 5052 4009 7093 4721 5897 5374 5390 7528 8305 4841 9195 2964 7070 7674 6968 7155 4096 8637 9383 2118
6148 9990 7518 4672 2644 2830 7058 7272 6666 7795 2723 1027 1297 8007 1615 1335 8867 6671 7981 9281 6563 361 4922 6486 8762 1232 2141 1095 8734 3346 4231 9807 7318 4373 6400 2645 1366 5858 7982 9253 3784 1332 3149 6414 4039 4814 3741 6260 1052 2790 1593 7671 9852 9264 1901 428 9053 138 8888 7107 3858 1680 2842 4428 4605 2045 956 5283 5073 4213 3458 2617 9059 4047 9092 1135 4018 8549 1317 1193 4477 4747 9721 9510 1373 265 5318 5612 3716 2115 1681 8240 3472 1258 2540 2289 4481 7900 7119 6346 4079 1397 1555 9310 6874 9271 3818 3334 2892 8196 6037 9699 2536 463 9021 9842 3975 3254 3349 1554 8498 1074 6176 4270 6488 7595 3301 4942 6099 58 9858 2776 3847 1461 9139 855 6655 84 9561 996 1676 5569 4321 6056 4236 624 881 7217 4924 8258 4811 771 7113 196 3381 5750 9409 4799 7729 8332 9940 1877 8548 6457 6105 2788 476 8513 75 4547 110 4332 6293 1222 5246 1610 4955 4305 4262 8099 6304 6147 7692 400 4182 5683 9051 5689 9154 8406 8582 1826 4080 6462 7458 6434 1889 6 5242 2025 2261 9289 2949 2238 6908 1701 723 3744 2250 7374 4695 4849 7029 5813 623 7879 2534 2101 2209 5394 9665 5605 5023 5249 8207 9387 5617 4052 5966 2947 8389 9345 9405 4180 8655 8586 2207 982 647 3811 8487 8808 1307 3141 9350 6941 8843 4253 7953 865 4762 9196 1650 4568 310 6840 340 724 3125 4698 27