500
53 285 389 56 341 260 320 495 109 436 180 325 24 439 50 192 144 375 121 288 213 304 451 347 308 360 480 286 459 196 443 464 58 227 395 471 157 492 447 76 173 311 245 453 261 113 423 383 89 392 270 160
216 270 367 30 247 488 262 422 141 278 139 35
85 139 115 225 65 133
163 219 499 315 108 144 68 396 255 179 172 455 247 467 418 7 17 19 31 160 221 465 236 206 30 490 65 225 436 303 222 143 272 190 279 335 486 55 273 76 391 127 359 376 189 336 69 491 104 420 15 344 248 496 251 262 96 350 421 223 464 328 367 88 379 200 216 424 218 67 497 238 270 3 39 18 304 423
283 287 368 288 109 3 465 31 447 149 89 473 172 289 418 350 145 446 294 107 243 234 18 7 494 456 472 155 173 327 328 359 137 457 370 241 116 193 10 254 24 260 1 312 340 498 75 371 215 454 236 334 51 62 317 282 100 296 86 439 120 25 67 458 113 105 154 412 59 133 384 12 220 87 16 362 227 448 292 81 68 8 315 428 9 270 475 176 11 203 264 70 71 408 163 96 237 396 240 38 460 324 161 374 110 226 291 377 325 72 235 332 199 468 191 76 250 245 157 496 190 228 92 363 351 162 476 44 259 469 139 300 299 166 256 124 464 290 303 119 478 407
456 230 188 155 472 98 460 63 469 7 449 430 245 268 405 218 146 440 167 33 483 404 319 458 266 93 485 247 190 126 196 262 499 107 409 241 275 100 445 181 345 436 377 476 337 139 64 54 264 226 118 129 265 491 195 51 477 192 413 459 39 415 308 220 400 242 136 315 362 323 307 407 29 260 346 15 352 182 138 81 394 162 43 213 273 357 351 145 340 173 324 309 66 478 144
164 482 204 348 219 269 458 352 325 87 118 455 415 201 456 318 264 159 349 252 165 100 52 473 366 443 172 283 246 104 371 402 144 207 14 38 192 110 64 158 40 39 448 136 275 373 314 299 185 463 495 126 290 267 50 309 190 41 282 350 416 139 273 487 459 197 478 44 319 175 321 303 177
444 92 57 96 231 319 280 460 267 5 69 148 133 117 101 413 174 396 270 369 106 120 196 191 456 362 208 44 224 322 154 99 254 158 1 209 483 86 321 485 268 284 443 399 442 181 115 487 406 43 364 47 458 269
217 162 396 222 83 299 398 269 145 335 349 125 54 298 404 199 296 419 286 201 209 356 144 35 329 8 84 204 255 365 4 426 152 357
97 312 375 412 23 306 326 62 499 260 162 55 368 25 44 115 494 256 422 86 323 432 159 492 461 336 73 224 362 415 184 428 406 402 111 491 223 293 104 135 110 416 32 335 35 418 280 11 211 400 27 166 391 321 363 372 26 163 7 216 125 275 45 116 181 250 451 199 484 180 467 142 339 72 90 358 186 156 220 137 474 131 47 382 248 81 313 468 477 178 302 247
105 305
214 365 297 324 443 232 228 348 474 437 75 4 403 235 61 154 356 489 475 328 209 313 172 384 498 191 254 207 131 482 334
169 113 321 478 142 411 138 38 233 446 255 394 204 419 77 304 117 356 250 358 43 157 452 230 241 45 89 370 311 4 3 184 491 178 348 30 193 200 315 183 8 37 17 400 34 366 288 66 143 107 237 52 428 53 322 404 416 437 213 336 462 486 151 186 221 339 291 329 434 50 447 195 460 11 477 180 299 166 106 92 395 242 112 87 340 76 42 390 489 240 306 457 153 129 13 187 495 130 382 443 155 234 121 281 317 305 1 35 81 164 22 27 148 469 57 220 424 243 15 459 64 78 300 248 383 261 165 118 423 496 268
267 291 378 290 15 408 259 439 171 438 244 110 36 305 104 32 349 289 471 236 400 8 183 414 83 111 131 13 186 210 341 380 194 278 92 381 116 322 17 156 40 457 150 350 368 38 271 287 324 76 450 88 382 427 275 488 184 223 377 468 129 153 268 80 94 480 393 295 228 445 482 240 345 161 44 253 403 405 463 264 200 337 459 406 28 172 486
390 432 430 195 109 59 295 344 193 120 196 146 103 321 433 165 192 23 190 408 287 377 101 375 415 65 272 93 267 82 126 38 202 61 187 246 435 46 106 350 34 199 229 297 336 413 327 32 338 434 315 395 366 365 233 177 188 139 49 355 250 374 200 58 201 453 173
379 472 341 120 334 487 263 51 319 165 72 264 45 402 222 457 324 65 267 371 193 190 322 14 137 174 66 384 103 484 465 275 395 17 306 374 418 216 136 154 281 278 144 126 186 440 274 199 61 73 400 259 323 167 318 36 119 111 7 277 262 2 232 181 233 231 404 197 109 368 100 77 473 498 196 495 110 169 482 127 381 342 42 367 138 118 198 76 378 30 358 108 159 265 178 38 297 478 247 248 464 320 285 208 410 217 40 239 470 380 314
403 236 34 367 73 172 194 181 322 318 117 342 84 482 372 467 121 55 167 94 445 170 329 433 238 252 326 137 472 273 270 286 173 434 38 108 422 203 373 20 438 74 314 212 27 454 26 47 247 48 302 452 366 215 56 319 446 476 25 85 465 206 479 46 103 77 315 148 187 125 324 160 333 101 100 10 161 110 267 292 64 8 89 345 449 450 196 279 313 217 490 368 308 360 310 341 375 276 154 28 120 268 197 332 493 374 280 114 232 460 164 294 424 337 106 496 386 351 14 127 128 421 498 354 258 451 492 150 330 6 325 353 418
243 300 422 10 144 196 295 253 367 448 188 221 363 332 209 427 324 371 44 395 200 242 248 21
487 272 273 227 413 466 124 9 16 172 365 131 79 119 59 253 367 386 437 393 254 230 397 168 266 376 212 407 328 406 54 351 335 349 368 356 374 496 167 472 267 444 28 242 277 448 189 67 153 161 344 275 331 297 387 100 396 323 460 359 208 39 467 137 73 291 408
268 362 263 294 296 114 405 486 87 440 377 335 52 206 281 18 141 210 363 150 214 29 454 326 418 422 85 317 386 473 28 134 155 99 127 118 387 102 374 266 291 288 463 376 403 191 156 409 431 122 254 35 39 344 420 406 185 395 182 251 400 367 130 81 364 318 312 41 356 310 121 453 42 399 258 12 16 384 270 5 320 469 378 230 341 131 410 353 222 167 67 4 250 203 83 394 226 77 196 57 133 425 357 215 232 192 416 284 161 305 487 66
351 104 29 243 91 398 131 347 153 134 423 345 348 447 329 184 480 409
114 218 105 37 234 152 444 172 318 126 472 196 432 7 379 489 182 455 452 71 102 223 337 10 62 151 496 445 428 405 383 149 81 6 479 488 113
474 222 475 187 362 32 79 41 467 468 439 387 433 104 126 453 23 152 130 331 415 332 285 386 466 419 56 43 161 303 138 334 171 233 484 124 137 60 88 495 447 375 34 146 209 14 446 463 1 258 18 91 120 454 48 113 352 423 216 50 29 295 226 351 397 377 365 289 80 242 123 283 0 370
166 345 445 215 39 441 54 291 287 436 467 351 53 490 479 367 254 125 1 50 239 457 343 47 264 321 198 480 123 409 115 381 227 113 169 189 80 456 311 268 446 261 58 251 185 108 375 454 168 138 131 41 88 332 96 69 161 193 140 126 499 229 237 432 148 46 8 424 374 498 209 24 386 38 205 218 309 180 141 369 359 200 103 297 276 221 281 317 382 312 122 116 92 495 414 224 346 83 296 235 338 360 491 462 337 361 162 352 294
184 131 110 302 200 248 454 382 292 425 48 161 354 58 66 318 144 15 438 232 35 61 32 375 270 265 328 138 326 170 59 157 327 134 484 414 18 237 364 191 239 229 54 301 255 221 266 358 464 101 169 386 135 198 0 312 87 115 98 275 22 68 219 31 403 258 428 252 380 283 378
265 221 314 112 304 383 98 492 29 482 136 336 151 361 296 205 64 377 310 142 141 200 225 97 236 26 429 156 117 454 315 305 486 355 379 400 173 283 319 231 148 160 1 272 332 168 230 364 254 289 217 264 150 57 252 147 380 31 215 56 15 339 74 68 36 258 386 53 295 14 461 90 356 328 129 483 175 55 169 105 299 430 479 497 19 2 143 133 347 193 331 443 184 323 75 41 149 477 345 399 116 180 45 269 11 172 54 237 21 300 82 385 211 291 465 138 427 60
387 143 342 41 151 13 395 117 309 430 331 284 344 92 343 390 247 255 39 432 102 197 124 477 264 358 128 354 347 450 251
176 233 449 218 363 385 465 87 85 475 273 103 222 498 0 110 146 458 286 80 404 195 389 484 441 91 28 77 368 63 367 3 130 494 468 304 17 472 42 287 149 244 170 182 92 253 93 190 13 497 106 333 274 317 411 90 191 88 119 293 189 167 144 21 285 250 412 174 392 32 30 234 305 281
402 176 89 320 47 328 69 478 316 187 431 37 278 301 292 495 436 363 247 352 448 223 272 483 43 1 346 375 347 240 291 339 314 407 157 471 378 190 488 219 181 31 282 56 487 45 86 344 44 296 302 34 493 193 19 317 112 33 80 333 444 262 38 6 322 95 349 294 324 18 450 133 258
69 312
270 325 320 323 131 348 254 470 159 79 47 188 32 396 355 5 154 140 259 6 197 437 237 250 345 302 277 38 475 193 356 4 242 9 223 109 195 156 414 248 290 265 401 363 147 69 442 61 468 136 375 374 208 13 445 346 165 116 34 281 240 117 460 269 42 446 130 255 123 112 181 441 67 201 353 83 204 283 404 104 409 451 186 133 492 214 85 393 185 407 144 50 190 486 315 160 207 217 350 73 36 359 41 386 57 263 68 262 297 167 472 426 274 26 310 395 24 53 239 145 331 449 268 488 234 303 436 328 110 200 127 299 64 75 150 100 314 224 266 335 115 422 305 498 489 8 264 66 416
64 289 208 37 130 396 352 139 365 85 433 308 383 201 195 366 388 393 453 119 79 43 467 316 33 132 222 140 35 241 440 78 311 381 298 192 458 315 223 92 263 128 243 215 373 22 421 290 356 36 51 60 427 476 84 429 474 213 425 494 67 185 419 452 107 407 390 411 479 137 114 485 240 259 41 325 442 180 113 465 14 157 438 340 272 159 402 286 345 246 4 45 382 143 323 288 447 300 26 412 372 190 136 265 186 99 255 38 6 148 193 432 483 58 46 238 56 403 95 160 182 497 209 274 314 466 44 83 313 362 343 90 121 277 398 328 155 48 91 329 424 462 434 221 418 337 445
107 476 255 276 75 301 111 215 144 153 353 126 59 485 306 429 139 115 414 28 221 245 424 365 332 104 479 118 444 308 151 175 249 396 362 155 164 133 79 85 96 441 435 487 348 18 260 152 225
1 116 163 266 377 6 77 425 5 313 35 398 62 260 369 314 211 287 297 409 3 194 470 372 345 461 488 90 212 418 329 348 420 494 181 375 202 423 401 41 352 310 424 262 325 98 230 127 495 11 490 257 359 242 198 281 103 247 126 19 273 370 410 333 323 499 381 168 261 331 105 493 428 144 299 29 229 472 73 196 156 482 396 111 171 162 267 492 340 393 417 145 170 476 276 246 473 226 121 480 308 142 228 174 353 408 84 371 21 239 388 341 101 447 464 213 27
412 131 369 118 207 148 99 465 495 376 18 384 287 240 39 448 393 364 253 365 220 463 289 221 343 386 83 80
65 210 432 125 485 354 440 493 414 339 303 425 139 64 43 387 24 298 348 165 156 71 131 287 110 417 62 434 262 467 212 366 170 305 241 39 37 141 466 95 285 114 433 251 183 235 472 58 359 51 317 180 321 377 46 186 424 283 147 250 223 60 81 92 306 349 155 268 300 3 338 274 1 90 261 173 55 395 207 447 291 307 98 333 61 491 477 117 175 20 67 489 243 103 448 158 420 382 17 488 22 233 215 169 102 372 428 179 214 50 378 97 406 463 152 289 124 208 191 111 324 288 0 106 464 470
362 200 77 198 81 240 122 446 65 184 29 144 201 471 455 160 70
280 499 73 52 0 349 259 456 458 474 492 234 274 351 5 196 271 140 306 419 187 71 22 345 305 258 124 151 341 318 336 233 264 15 167 469 183 275 395 405 85 220 356 135 160 47 134 12 153 155 6 446 471 118 438 402 373 498 321 353 111 133 43 399 282 299 104 262 272 185 70 316 27 354 397 425 251 339 404 437 170 184 449 17 225 8 281 42 333 494 174 432 51 347 330 4 219 169 377 102 112 214 332 64 417 476 389 127 99 55 338 461 83 302 149 442 254 360 398 444 450 422 488 371 100 382 107 237 49 379 307 475 344 348 162 65 224
145 137 165 279 17 45 347 213 351 26 136 290 117 277 491 257 291 447 6 15 92 80 426 115 228 34 436 99 181 52 112 474 470 225 494 394 150 242 461 466 437 363 87 324 177 370 288 357 210 238 240 289 485 223 98 287 218 298 101 476 222 21 403 161 368 118 498 336 445 60 471 241 300 204 456 162 375 201 356 203 139 71 427 359 256 219 160 194 448 384 393 63 48 424 320 143 158 193 411 341 464 422 400 378 333 281 11 248 282 170 332 364 142 57 463 334 295 69 36 198 252 389 457 31 432 405 475 75 100 86 478 187 196 237 154 192 365 480 38 109 102 383 153 76 62 321 390 120
226 279 394 325 210 224 173 263 89 363 338 99 23 87 414 392 437 38 436 154 265 411 70 65 136 405 368 266 273 60 440 347 183 178 19 100 316 114 280 416 132 359 155 156 25 201 12 290 443 120 285 171 228 370 361 45 220 308 76 144 153 346 46 119 36 181 468 299 30 326 460 141 453 403 223 176 311 14 350 41 360 379 53
65 61 215 455 377 19 253 74 39 155 402 180 319 51 220 486 422 245 493 327 42 275 224 345 60 321 389 255 434 279 162 284 287 417 335 461 216 152 490 21 38 326 415 66 365 351 475 119 22 112 223 432 454 318 456 264 234 139 316 145 96 14 404 380 136 348 9 81 6 473 88 369 242 344 286 26 243 147 10 386 407 325 310
314 167 200 148 325 363 65 431 23 282 260 383 79 59 47 122 324 55 3 393 345 328 499 39 440 354 227 199 146 181 41 303 74 102 306 469 174 263 307 329 88 161 336 154 106 381 221 333 108 144 140 127 179 308 180 191 482 131 261 351 453 216 248 461 352 495 159 111 137 222 451 275 274 182 215 298 206 17 31 240 302 61 64 281 429 54 468 360 493 480 362 404 156 197 43 388 124 414 335 444 470 465 86 195 121 295 288 271 277 214 5 318 138 209 142 300 280 312 474 472 84 205 310 399 134
54 25 178 258 218 185 326 299 86 201 139 14 482 407 494 424 197 169 106 128 274 320 414 60 63 269 437 87 43 489 198 321 134 221 79 473 84 157 411 405 3 74 170 7 124 394 324 479 393 335 294 237 164 78 47 413 33 154 483 161 189 423 241 40 48 250 44 362 149 30 387 236 431 376 323 231 478 193 346 243 383 75 430 380 450 457 446 31 144 125 176 282 343 385 155 314 419 453 225 123 239 28 313 330 179 388 111 288 65 29 390 344 449 132 448 153 166 435 199 136 76 438 122 89 15 248 273 374 238 216 461 215 339 20 72 251 61 6 408 281 415 21 444
323 125 1 258 485 187 385 331 256 247 245 474 94 268 289 207 445 136 208 250 223 228 11 305 275 415 419 74 470 112 120 408 76 389 339 47 95 167 197 23 65 144 491 217 14 307 27 261 142 450 291 253 366 161 180 264 110 42 93 242 473 466 358 52 60 299 28 191 240 195 383 301 270 467 349 138 321 154 437 214 113 417 90
222 286 28 30 422 250 5 171 382 86 265 174 119 169 98 101 413 207 375 478 383 110 155 472 394 140 282 104 334 434 313 359 403 311 148 247 469 37 379 360 367 466 376 370 62 78
296 128 290 319 258 50 366 38 39 97 141 370 172 354 135 467 479 73 264 308 450 181 14 58 396 224 375 183 157 154 279 334 284 208 388 89 320 40 464 113 468 182 331 386 430 21 70 353 349 20 352 358 323 158 398 156 184 125 84 8 452 95 209 41 9 291 485 51 260 1 451 328
185 296 211 467 229 342 344 233 474 198 231 93 24 335 328 209 358 401 169 326 23 336 177 202 102 70 414 441 420 288 314 98 321 240 305 224 407 113 111 129 370 267 109 184 193 306 97 181 499 460 241 485 345 248 40 147 476 78 244 302 100 65 283 148 375
160 26 352 283 208 384 358 453 135 180 184 475 276 236 426 4 3
101 103 248 171 299 128 2 92 131 486 377 357 165 183 210 372 291 449 397 168 277 230 259 127 206 108 233 304 54 345 455 3 20 241 370 471 82 406 444 99 23 212 190 478 8 321 341 371 146 295 466 368 308 35 379 215 436 14 137 36 25 40 48 359 318 239 438 142 492 419 237 348 153 100 306 294 115 62 126 491 297 61 74 390 382 450 256 354 15 407 227 204 273 394 47 83 461 164 441 282 10 494 12 0 88 52 98 238 136
183 173 114 328 345 5 398 89 372 154 252 58 61
292 452 5 237 146 193 350 403 460 68 295 303 479 43 4 163 105 412 75 238 212 382 351 37 150 362 463 165 368 246 182 187 331 32 327 117 93 411 156 296 409 319 129 16 91 445 114 110 437 275 179 406 189
328 55 416 420 312 430 142 110 61 229 434 305 193 132 361 374 4 217 249 346 62 279 390 275 200 482 369 360 323 107 181 385 492 401 201 74 451 173 322 409 190 368 384 359
486 132 399 52 270 443 352 10 391 416 290 395 227 346 87 421 128 95 386 349 390 258 111 377 80 494 6 271 336 381 291 308 483 72 454 99 160 435 277 244 237 159 248 32 318 138 215 8 102 361 239 140 307 173 411 347 82 261 487 66 144 447 453 158 365 86 40 400 330 309 332 432 119 176 61 444
430 375 409 266 254 102 132 245 259 437 330 449 140
9 421 472 21 465 160 294 436 482 447 262 308 243 49 130 319 37 202 234 77 352 163 259 391 488 487 418 292 216 38 353 423 218 20 265 125 250 80 300 16 337 272 313 175 89 383 104 48 380 483 191 362 435 198 74 107 41 368 330 83 51 5 405 176 135 7 225 351 474 388 457 357 366 307 432 204 185 55 322 164 251 2 343 315 263 116 73 318 209 162 458 430 126 434 105 45 52 91 449 328 172 365 85 121 219 323 108 396 92 118 415 63 497 138 84 475 404 451 467 256
63 27 51 230 300 292 88 229 84 307
324 423 174 106 456 361 111 440 157 329 215 499 135 71 471 253 483 291 13 426 284 314 143 245 371 173 138 15 466 39 397 348 241 113 433 226 10 431 218 80 130 339 11 283 402 104 487 488 207 120 484 152 97 220 4 386 225 160 497 57 20 415 190 5 271 425 393 374 395 387 37 379 77 246 22 192 94 177 183 93 403 149 481 447 128 122 347 384 89 116 31 380 300 244 461 321 432 479 278 258 249 331 489 313 378 294 126 289 441 373 202 288 412 263 301 204 439 388 72 90 46 67 338 201 42 443 85 247 472 451 460 299 14 51 345 237 344 495 455 36 70 12 414 110 208 211 383 362 131
437 254 170 235 319 165 30 344 176 161 57 288 47 398 220 216 209 262 269 194 68 98 103 266 444 143 401 2 128 63 242 135 265 212 315 1 80 46 275 302 454 60 393 230 374 210 4 325 499 186 307 231 54 284 43 277 227 184 3 205 91 154 483 399 463 351 77 436 300 468 90 119 354 83 137 470 219 313 415 101 475 190 408 353 65 196 311 174 326 12 152 485 236 310 304 37 411 132 490 293 272 187 400 38 67 451 50 449 7 357 222 207 148
473 7 107 464 3 158 414 201 345 13 314 311 24 277 28 229 142 109 253 390 45 205 96 379 90 185 400 9
248 487 345 316 492 305 168 232 272 84 295 303 346 182 397 29 382 196 223 445 13 145 136 215 343 123 429 97 220 266 351 418 474 216 353 473 157 284 253 201 9 8 246 367 426 467 264 69 228 425 257 53 494 5 225 354 438 109 320 153 286 76 198 243 301 380 88 241 428 484 213 218 111 217 423 7 163
16 438 278 396 61 290 406 275 128 15 449 387 115 360 353 385 57 90 234 263 337 247 37 492 104 229 461 107 482 391 165 143 359 284 47 5 163 281 113 450 287 212 139 429 250 138 201 149 1 454 56 377 350 319 112 12 481 372 477 192 91 300 221 189 220 381 191 100 341 499 472 489 471 270 124 59 39 425 439 179
306 2 287 184 284 255 87 384 133 280 437 203 403 485 41 406 338 223 22 111 371 199 254 25 439 469 283 249 391 148 202 463 352 152 218 370 71 229 127 372 481 321 192 340 494 357 170 232 37 277 77 101 235 162 307 70 376 313 308 258 69 362 160 141 420 46 479 323 136 244 117 495 104 84 58 197 35 294 407 221 129 240 100 264 410 196 488 404 177 231 126 45 297 209 415 342 489 483 49 436 257 106 155 417 90 353 208 246 187
396 362 367 334 36 163 155 492 411 217 28 90 481 389 332 388 286 234 87 164 418 23 284 191 442 203 239 20 30 374 316 100 179 497 257 307 199 216 331 230 194 127 438 327 77 416 326 325 303 296 297 435 176 269 224 266 345 136 188 97 21 187 246 361 270 242 265 245 0 5 320 280 52 315 15 356 98 204 12 93 459 255 309 238 455 96 399 139 180 153 484 298 126 443
174 9 443 486 145 368 490 388 159 222 363 49 365 123 378 2 436 343 89 345 403 111 481 118 445 224 385 252 442 427 141
122 183 125 243 324 314 289 219 376 442 472 67 50 49 220 229 68 196 394 29 97 328 410 145 296 255 358 189 166 362 135 210 167 240 156 90 161 48 141 348 197 402 211 305 306 131 185 494 336 345 372 288 75 321 390 462 53 119 223 416 273 469 384 404 250
205 115 242 82 388 458 130 361 463 167 53 329 152 363 18 201 224 307 221 476 248 397 116 34 213 37 184 10 482 120 185 373 64 499 433 147 391 350 455 442 460 93 141 282 353 417 459 430 250 104 0 155 183 50 423 126 177 127 52 45 247 343 243 490 462 313 118 401 125 486 256 383 171 80 102 344 30 226 345 324 414 83 477 465 431 384 87 319 270 88 172 370 182 157 355 258 293 403 440 454 467 209 17 207 302 382 229 3 409 62 351 496 240 54 192 333 131 372 268 374 84 352 309 11 95 349 112 19
334 137 312 138 299 360 315 13 344 171 168 355 73 58 349 452 302 173 113 493
254 157 438 210 432 406 445 93 459 297 205 0 298 3 354 96 228 79 272 158 466 271 11 111 185 235 163 87 78 382 63 178 234 7 66 499 266 132 214 417 280 306 37 56 33 181 19 140 10 340 387 231 277 6 109 420 291 275 180 99 26 347 117 60 345 222 301 498 286 344 48 305 309 200 283 384 488 95 118 400 388 250 495 431 363 175 487 199 284 270 311 468 491 463 84 282
88 395 207
44 392 361 360 460 484 271 95 190 15 63 315 109 359 234 157 156 137 20 85 103 128 344 125 291 205 472 482 490 254 110 304 191 98 399 18 281 168 232 219 16 199
276 47 462 441 39 421 491 99 83 417 497 165 176 295 313 223 69 311 435 105 420 326 27 17 328 261 329 151 206 196 237 277 185 488 110 356 401 215 444 53 359 120 384 92 122 131 467 150 383 192 484 430 42 340 5 31 481
208 441 16 469 288 357 267 131 97 246 218 304 400 383 409 171 201 398 388 339 167 481 404 451 7 468 283 310 316 230 477 49 187 460 284 239 317 116 107 308 410 342 395 62 462 275 122 70 447 45 234 36 18 372 454 143 263 473 158 332 87 57 255 13 321 272 71 492 450 35 42 163 306 486 445 213 309 48 111 125 250 226 220 115 325 369 153 455 188 356 285 2
196 198 144 228 328 180 185 231 24 233 189 318 497 427 453 115 223 43 267 27 201 381 335 178 206 325 135 292 4 368 124 219 262 69 297 371 379 422 401 145 374 55 352 114 450 174 0 257 472 409 385 45 158 131 79 42 289 155 35 76 214 298 280 490 294 225 417 232 200 28 187 330 451 151 456 87 466 38
457 324 391 107 379 352 466 303 400 207 300 384 187 465 167 419 111 372
496 403 136 445 292 300 376 391 438 291 448 316 227 142 209 378 345 433 370 421 327 77 78 146 69 199 402 289 84 335 80 323 123 66 471 450 446 173 333 308 231 120 11 297 143 17 282 185 206 499 380 486 186 364 255 243 404 127 207 314 337 295 309 339 58 452 273 12 424 249 261 48 150 210 459 453 71 390
418 468 398 200 313 48 123 274 462
35 386 312 436 243 241 80 273 298 82 389 348 215 357 25 438 246 17 388 110 379 416 254 304 181 42 406 344 277 157 107 468 349 204 453 78 164 48 286 41
19 385 303 46 158 72 23 314 331 430 162 190 422 65 197 276 177 266 79 373 44 73 193 371 294 492 448 85 443 130 179 111 322 478 230 40 269
143 41 51 291 17 284 375 259 130 414 335 149 436 497 183 187 168 52 0 63 371 255 441 176 330 121 35 55 229 412 351
318 423 274 132 46 476 395 53 484 306 114 292 15 131 171 32 259 10 288 118 498 43 134 394 419 452 448 295 293 83 268 184 487 397 27 332 158 363 18 198 36 155 72 420 417 253 291 374 303 50 209 305 313 133 47 112 29 430 221 350 323 95 467 325 478 3 330 33 399 453 335 109 234 45 360 163 121 256 12 4 343 413 165 415 78 403 92 23 19 454 77
366 315 273 116 140 170 349 477 82 69 204 74 385
254 367 73 4 397 411 355 438 212 30 23 39 21 217 100 321 177 54 66 181 70 148 375 319 250 193 234 410 102 77 267 468 268 208 120 437 122 224 222 416 328 167 490 446 83 312 399 153 81 200 238 483 116 363 305 393 263 232 56 258 309 392 380 240 247 270 88 287 436 206 112 237 373 413 385 188 426 29 449 310 381 269 142 300 257 182 408 488 457 125 42 327 261 109 239 335 195 434 32 499 7 443 340 75 227 473 194 51 430 307 50 278 440 18 418
347 398 325 423 208 187 442 494 147 452 434 362 298 132 288 342 44 457 21 414 3 462 205 202 30 71 18 221 201 295 124 264 174 304 483 385 68 479 497 170 81 251 332 226 276 159 407 266 145 151 79 463 37 359 61 140 195 489 394 344 249 476 261 252 372 136 383 329 150 20 438 196 34 487 278 294 40 70 206 123 198 99 173 203 26 349 127 460 356 235 138
344 476 306 341 72 49 170 81
205 415 334 35 445 379 141 434 1 155 390 44 154 311 240 191 489 403 370 394 8 474 496 238 244 316 457 127 354 23 188 442 416 109 294 350 306 97 373 378 37 115 248 441 371 220 298 227 36 172 465 385 145 386 178 430 13 118 40 444 480 493 318 232 103 305 414 432 10 158 451 249 472 239 440 477 2 279 234 56 431 464
81 69 454 341 187 348 481 357 106 66 314 94 439 152 246 321 376 396 0 493 143 156 205 118 267 377 388 107 316 9 105 337 51 287 82
378 234 142 10 166 380 255 135 339 309 13 94 263 488 153 111 280 487 383 85 23 316
348 240 406 294 21 118 372 315 117 423 89 3 300 78 169 480 292 446 30 35 357 377 422 333 208 73 327 6 451 148 421 22 135 60 159 398 131 203 343 306 493 201 11 386 127 177 460 399 261 122 10 141 260 249 66 385 305 301 366 323 393 91 80 77 246 146 239 209 414 222 65 108 409 26 355 486 439 310 262 119 258
206 488 370 15 75 50 196 499 479 466 163 451 446
449 393 194 23 15 29 463 240 180 257 239 42 163 265 20 149 443 366 420 270 465 72 322 262 438 450 84 497 336 331 293 390 318 452 320 486 153 27 368 196 305 248 414 188 94 451 231 260 267 202 123 119 439 373 309 473 132 378 52 273 488 215 253 397 337 148 24 82 479 413 482 453 16 315 93 303 144 256 276 227 365 116 327 151 456 445 214 313 152 427 32 384 206 321 484 19 174 171 391 410 44 259 164 345 87 208 37 284 122
270 373 115 347 211 92 212 275 93 4 225 273 374 227 48 171 175 442 90 159 279 404 437 472 277 260 468 283 158 438 82 59 346 231 394 274 119 71 263 50 174 100 300 169 365 243 326 391 418 350 27 405 203 296 56 359 474 236 488 216 483 450 297 209 351 312 17 2 63 242 29 393 154 157 140 257 173 23 399 401 136 64 447 366 162 295 223 427 16 464 131 440 456 191 183 186 85 372
181 367 326 365 490 401 449 373 147 474 238 142 6 14 227 402 274 171 379 425 269 255 352 129 75 191 239 240 145 132 210
431 189 160 462 115
139 103 11 263 401 116 354 392 387 126 277 369 97 270 421 38 49 293 26 177 211 241 163 109 365 476 90 88 356 30 475 264 384 81 146 427 385 286 238 338 148 468 110 27 76 370 87 24 136 308 64 235 464 73 161 252 332 448 213 153 381 496 363 216 405 355 403 187 240 418 410 48 422 170 201 150 260 57 166 237 165 406 287 396 159 339 222 440 398 446 5 108 311 200 366 280 242 102 99 377 469 68 1 119 380 52 204 180 335 334 367 130 236 452 63 262 305 248 318 431 196 111 485
476 489 312 490 78 194 171 252 410 480 385 294 339 30 387 60 272 212 79 479 38 243 487 338 435 333 86 157 429 355 198 437 418 205 496 55 138 318 373 473 69 166 140 28 309 133 449 454 203 459 422 463 96
163 135 258 304 385 120 333
303 298 30 424 9 257 334 7 452 134 13 92 441 287 189 214 181 299 11 365 103 180 373 419 283 426 480 161 63 305 343 60 266 473 331 288 423 324 51 256 465 456 469 325 313 1 76 319 491 270 450 466 64 178 163 0 451 207 327 332 205 286 389 176 221 449 184 160 457 301 379 156 420 474 187 295 347 145 91
55 361 269 137 185 345 229 202 469 352 25 281 181 131 410 60 200 176 387 209 82 472 186 100 128 394 311 432 231 284 136 40 327 464 112 260 462 414 333 180 113 297 419 319 412 444 258 58 384 421 95 59 267 305 279 17 32 374 228 89 458 15 28 328 196 299 249 491 298 104 34 52 294 166 192 255 10 346 263 250 119 385 400 33 39 316 154 468 218 63 195 210 363 69 434 435 98 332 476 242 219 88 175 213 377 135 285 293 182 330
385 285 45 284 497 6 27 245 463 389 483 129 107 309 236 393 244 116 268 40 274 310 460 299 3 221 16 302 243 137 55 472 396 176 73 352 333 57 154 381 83 373 362 163
133 413 182 52 414 380 465 462 195 484 66 292 56 263 497 7 236 299
